scraped_on,scraped_at,flight_date,days_left,origin,destination,route,airline_code,airlines,num_airlines,price,currency,num_stops,layover_airports,dep_time,dep_hour,arr_time,arr_hour,arrives_next_day,total_duration_min,flying_min,layover_min,plane_types,carbon_kg,carbon_typical_kg
2026-10-10,2026-10-10 15:40,2026-10-11,1,DEL,BOM,DEL-BOM,AI,Air India,1,6846,INR,0,,05:00,5,07:25,7,False,145,145,0,Airbus A320neo,102.0,99.0
2026-10-10,2026-10-10 15:40,2026-10-11,1,DEL,BOM,DEL-BOM,AI,Air India,1,6846,INR,0,,06:30,6,08:50,8,False,140,140,0,Airbus A320neo,102.0,99.0
2026-10-10,2026-10-10 15:40,2026-10-11,1,DEL,BOM,DEL-BOM,AI,Air India,1,6846,INR,0,,07:00,7,09:25,9,False,145,145,0,Airbus A319,102.0,99.0
2026-10-10,2026-10-10 15:40,2026-10-11,1,DEL,BOM,DEL-BOM,AI,Air India,1,6846,INR,0,,07:30,7,09:55,9,False,145,145,0,Boeing 787,100.0,99.0
2026-10-10,2026-10-10 15:40,2026-10-11,1,DEL,BOM,DEL-BOM,AI,Air India,1,6846,INR,0,,08:30,8,10:40,10,False,130,130,0,Airbus A320neo,102.0,99.0
2026-10-10,2026-10-10 15:40,2026-10-11,1,DEL,BOM,DEL-BOM,AI,Air India,1,6846,INR,0,,09:00,9,11:15,11,False,135,135,0,Airbus A320neo,102.0,99.0
2026-10-10,2026-10-10 15:40,2026-10-11,1,DEL,BOM,DEL-BOM,AI,Air India,1,6846,INR,0,,09:30,9,12:00,12,False,150,150,0,Airbus A320neo,102.0,99.0
2026-10-10,2026-10-10 15:40,2026-10-11,1,DEL,BOM,DEL-BOM,QP,Akasa Air,1,7021,INR,0,,08:40,8,11:05,11,False,145,145,0,Boeing 737MAX 8 Passenger,90.0,99.0
2026-10-10,2026-10-10 15:40,2026-10-11,1,DEL,BOM,DEL-BOM,AI,Air India,1,7113,INR,0,,22:55,22,01:25,1,True,150,150,0,Airbus A320neo,102.0,99.0
2026-10-10,2026-10-10 15:40,2026-10-11,1,DEL,BOM,DEL-BOM,AI,Air India,1,7213,INR,0,,10:30,10,12:50,12,False,140,140,0,Airbus A321,130.0,99.0
2026-10-10,2026-10-10 15:40,2026-10-11,1,DEL,BOM,DEL-BOM,AI,Air India,1,7213,INR,0,,21:30,21,23:55,23,False,145,145,0,Airbus A320neo,102.0,99.0
2026-10-10,2026-10-10 15:40,2026-10-11,1,DEL,BOM,DEL-BOM,QP,Akasa Air,1,7232,INR,0,,06:50,6,09:05,9,False,135,135,0,Boeing 737MAX 8 Passenger,90.0,99.0
2026-10-10,2026-10-10 15:40,2026-10-11,1,DEL,BOM,DEL-BOM,QP,Akasa Air,1,7448,INR,0,,19:55,19,22:20,22,False,145,145,0,Boeing 737MAX 8 Passenger,89.0,99.0
2026-10-10,2026-10-10 15:40,2026-10-11,1,DEL,BOM,DEL-BOM,AI,Air India,1,7476,INR,0,,11:00,11,13:25,13,False,145,145,0,Boeing 787,103.0,99.0
2026-10-10,2026-10-10 15:40,2026-10-11,1,DEL,BOM,DEL-BOM,AI,Air India,1,7476,INR,0,,20:00,20,22:30,22,False,150,150,0,Airbus A321,130.0,99.0
2026-10-10,2026-10-10 15:40,2026-10-11,1,DEL,BOM,DEL-BOM,AI,Air India,1,7476,INR,0,,20:30,20,23:05,23,False,155,155,0,Airbus A320neo,102.0,99.0
2026-10-10,2026-10-10 15:40,2026-10-11,1,DEL,BOM,DEL-BOM,AI,Air India,1,7654,INR,0,,21:00,21,23:20,23,False,140,140,0,Airbus A320neo,102.0,99.0
2026-10-10,2026-10-10 15:40,2026-10-11,1,DEL,BOM,DEL-BOM,QP,Akasa Air,1,7671,INR,0,,17:30,17,19:50,19,False,140,140,0,Boeing 737MAX 8 Passenger,90.0,99.0
2026-10-10,2026-10-10 15:40,2026-10-11,1,DEL,BOM,DEL-BOM,AI,Air India,1,8106,INR,0,,12:00,12,14:25,14,False,145,145,0,Airbus A320neo,102.0,99.0
2026-10-10,2026-10-10 15:40,2026-10-11,1,DEL,BOM,DEL-BOM,QP,Akasa Air,1,8296,INR,0,,10:00,10,12:20,12,False,140,140,0,Boeing 737MAX 8 Passenger,86.0,99.0
2026-10-10,2026-10-10 15:40,2026-10-11,1,DEL,BOM,DEL-BOM,IX,Air India Express,1,8842,INR,0,,17:50,17,20:10,20,False,140,140,0,Airbus A320,116.0,99.0
2026-10-10,2026-10-10 15:40,2026-10-11,1,DEL,BOM,DEL-BOM,AI,Air India,1,9885,INR,0,,14:10,14,16:35,16,False,145,145,0,Airbus A320neo,102.0,99.0
2026-10-10,2026-10-10 15:40,2026-10-11,1,DEL,BOM,DEL-BOM,AI,Air India,1,9885,INR,0,,17:00,17,19:25,19,False,145,145,0,Boeing 777,115.0,99.0
2026-10-10,2026-10-10 15:40,2026-10-11,1,DEL,BOM,DEL-BOM,AI,Air India,1,10547,INR,0,,15:30,15,17:55,17,False,145,145,0,Airbus A320neo,102.0,99.0
2026-10-10,2026-10-10 15:40,2026-10-11,1,DEL,BOM,DEL-BOM,AI,Air India,1,10888,INR,0,,18:00,18,20:25,20,False,145,145,0,Airbus A320neo,102.0,99.0
2026-10-10,2026-10-10 15:40,2026-10-11,1,DEL,BOM,DEL-BOM,AI,Air India,1,13203,INR,0,,19:30,19,21:55,21,False,145,145,0,Airbus A320neo,102.0,99.0
2026-10-10,2026-10-10 15:40,2026-10-11,1,DEL,BOM,DEL-BOM,AI,Air India,1,13671,INR,0,,16:00,16,18:25,18,False,145,145,0,Airbus A320neo,102.0,99.0
2026-10-10,2026-10-10 15:40,2026-10-13,3,DEL,BOM,DEL-BOM,AI,Air India,1,6846,INR,0,,05:00,5,07:25,7,False,145,145,0,Airbus A320neo,102.0,99.0
2026-10-10,2026-10-10 15:40,2026-10-13,3,DEL,BOM,DEL-BOM,AI,Air India,1,6846,INR,0,,06:30,6,08:50,8,False,140,140,0,Airbus A320neo,102.0,99.0
2026-10-10,2026-10-10 15:40,2026-10-13,3,DEL,BOM,DEL-BOM,AI,Air India,1,6846,INR,0,,07:00,7,09:25,9,False,145,145,0,Airbus A320neo,102.0,99.0
2026-10-10,2026-10-10 15:40,2026-10-13,3,DEL,BOM,DEL-BOM,AI,Air India,1,6846,INR,0,,07:30,7,09:55,9,False,145,145,0,Airbus A350,100.0,99.0
2026-10-10,2026-10-10 15:40,2026-10-13,3,DEL,BOM,DEL-BOM,AI,Air India,1,6846,INR,0,,11:00,11,13:25,13,False,145,145,0,Airbus A320neo,102.0,99.0
2026-10-10,2026-10-10 15:40,2026-10-13,3,DEL,BOM,DEL-BOM,AI,Air India,1,6846,INR,0,,21:55,21,00:20,0,True,145,145,0,Airbus A321,130.0,99.0
2026-10-10,2026-10-10 15:40,2026-10-13,3,DEL,BOM,DEL-BOM,IX,Air India Express,1,6926,INR,0,,23:25,23,01:50,1,True,145,145,0,Boeing 737MAX 8 Passenger,103.0,99.0
2026-10-10,2026-10-10 15:40,2026-10-13,3,DEL,BOM,DEL-BOM,AI,Air India,1,7003,INR,0,,10:00,10,12:25,12,False,145,145,0,Airbus A320neo,102.0,99.0
2026-10-10,2026-10-10 15:40,2026-10-13,3,DEL,BOM,DEL-BOM,AI,Air India,1,7003,INR,0,,14:10,14,16:35,16,False,145,145,0,Airbus A320neo,102.0,99.0
2026-10-10,2026-10-10 15:40,2026-10-13,3,DEL,BOM,DEL-BOM,AI,Air India,1,7003,INR,0,,20:30,20,23:05,23,False,155,155,0,Airbus A320neo,102.0,99.0
2026-10-10,2026-10-10 15:40,2026-10-13,3,DEL,BOM,DEL-BOM,AI,Air India,1,7008,INR,0,,12:00,12,14:25,14,False,145,145,0,Airbus A320neo,102.0,99.0
2026-10-10,2026-10-10 15:40,2026-10-13,3,DEL,BOM,DEL-BOM,AI,Air India,1,7008,INR,0,,16:00,16,18:25,18,False,145,145,0,Airbus A320neo,102.0,99.0
2026-10-10,2026-10-10 15:40,2026-10-13,3,DEL,BOM,DEL-BOM,AI,Air India,1,7008,INR,0,,21:30,21,23:55,23,False,145,145,0,Airbus A320neo,102.0,99.0
2026-10-10,2026-10-10 15:40,2026-10-13,3,DEL,BOM,DEL-BOM,AI,Air India,1,7113,INR,0,,22:55,22,01:25,1,True,150,150,0,Airbus A320neo,102.0,99.0
2026-10-10,2026-10-10 15:40,2026-10-13,3,DEL,BOM,DEL-BOM,QP,Akasa Air,1,7125,INR,0,,08:40,8,11:05,11,False,145,145,0,Boeing 737MAX 8 Passenger,90.0,99.0
2026-10-10,2026-10-10 15:40,2026-10-13,3,DEL,BOM,DEL-BOM,QP,Akasa Air,1,7125,INR,0,,17:30,17,19:50,19,False,140,140,0,Boeing 737MAX 8 Passenger,86.0,99.0
2026-10-10,2026-10-10 15:40,2026-10-13,3,DEL,BOM,DEL-BOM,QP,Akasa Air,1,7125,INR,0,,19:55,19,22:20,22,False,145,145,0,Boeing 737MAX 8 Passenger,86.0,99.0
2026-10-10,2026-10-10 15:40,2026-10-13,3,DEL,BOM,DEL-BOM,QP,Akasa Air,1,7232,INR,0,,06:50,6,09:05,9,False,135,135,0,Boeing 737MAX 8 Passenger,91.0,99.0
2026-10-10,2026-10-10 15:40,2026-10-13,3,DEL,BOM,DEL-BOM,QP,Akasa Air,1,7232,INR,0,,10:00,10,12:20,12,False,140,140,0,Boeing 737MAX 8 Passenger,86.0,99.0
2026-10-10,2026-10-10 15:40,2026-10-13,3,DEL,BOM,DEL-BOM,QP,Akasa Air,1,7232,INR,0,,13:50,13,15:55,15,False,125,125,0,Boeing 737MAX 8 Passenger,91.0,99.0
2026-10-10,2026-10-10 15:40,2026-10-13,3,DEL,BOM,DEL-BOM,AI,Air India,1,9308,INR,0,,19:00,19,21:25,21,False,145,145,0,Airbus A321,130.0,99.0
2026-10-10,2026-10-10 15:40,2026-10-13,3,DEL,BOM,DEL-BOM,AI,Air India,1,9885,INR,0,,21:00,21,23:20,23,False,140,140,0,Airbus A320neo,102.0,99.0
2026-10-10,2026-10-10 15:40,2026-10-13,3,DEL,BOM,DEL-BOM,AI,Air India,1,10547,INR,0,,19:30,19,21:55,21,False,145,145,0,Airbus A320neo,102.0,99.0
2026-10-10,2026-10-10 15:40,2026-10-13,3,DEL,BOM,DEL-BOM,AI,Air India,1,17361,INR,0,,08:30,8,10:40,10,False,130,130,0,Airbus A320neo,102.0,99.0
2026-10-10,2026-10-10 15:40,2026-10-13,3,DEL,BOM,DEL-BOM,AI,Air India,1,24160,INR,0,,09:00,9,11:15,11,False,135,135,0,Airbus A320neo,102.0,99.0
2026-10-10,2026-10-10 15:40,2026-10-17,7,DEL,BOM,DEL-BOM,AI,Air India,1,6846,INR,0,,09:30,9,12:00,12,False,150,150,0,Airbus A320neo,102.0,99.0
2026-10-10,2026-10-10 15:40,2026-10-17,7,DEL,BOM,DEL-BOM,AI,Air India,1,6846,INR,0,,10:00,10,12:25,12,False,145,145,0,Airbus A320neo,102.0,99.0
2026-10-10,2026-10-10 15:40,2026-10-17,7,DEL,BOM,DEL-BOM,AI,Air India,1,6846,INR,0,,11:00,11,13:25,13,False,145,145,0,Airbus A320neo,102.0,99.0
2026-10-10,2026-10-10 15:40,2026-10-17,7,DEL,BOM,DEL-BOM,AI,Air India,1,6846,INR,0,,15:30,15,17:55,17,False,145,145,0,Airbus A320neo,102.0,99.0
2026-10-10,2026-10-10 15:40,2026-10-17,7,DEL,BOM,DEL-BOM,AI,Air India,1,6846,INR,0,,17:00,17,19:25,19,False,145,145,0,Boeing 777,115.0,99.0
2026-10-10,2026-10-10 15:40,2026-10-17,7,DEL,BOM,DEL-BOM,AI,Air India,1,6846,INR,0,,20:30,20,23:05,23,False,155,155,0,Airbus A320neo,102.0,99.0
2026-10-10,2026-10-10 15:40,2026-10-17,7,DEL,BOM,DEL-BOM,AI,Air India,1,6846,INR,0,,21:00,21,23:20,23,False,140,140,0,Airbus A320neo,102.0,99.0
2026-10-10,2026-10-10 15:40,2026-10-17,7,DEL,BOM,DEL-BOM,AI,Air India,1,7008,INR,0,,12:00,12,14:25,14,False,145,145,0,Airbus A320neo,102.0,99.0
2026-10-10,2026-10-10 15:40,2026-10-17,7,DEL,BOM,DEL-BOM,AI,Air India,1,7008,INR,0,,16:00,16,18:25,18,False,145,145,0,Airbus A320neo,102.0,99.0
2026-10-10,2026-10-10 15:40,2026-10-17,7,DEL,BOM,DEL-BOM,AI,Air India,1,7008,INR,0,,19:30,19,21:55,21,False,145,145,0,Airbus A320neo,102.0,99.0
2026-10-10,2026-10-10 15:40,2026-10-17,7,DEL,BOM,DEL-BOM,AI,Air India,1,7008,INR,0,,21:30,21,23:55,23,False,145,145,0,Airbus A320neo,102.0,99.0
2026-10-10,2026-10-10 15:40,2026-10-17,7,DEL,BOM,DEL-BOM,QP,Akasa Air,1,7021,INR,0,,19:55,19,22:20,22,False,145,145,0,Boeing 737MAX 8 Passenger,89.0,99.0
2026-10-10,2026-10-10 15:40,2026-10-17,7,DEL,BOM,DEL-BOM,AI,Air India,1,7113,INR,0,,22:55,22,01:25,1,True,150,150,0,Airbus A320neo,102.0,99.0
2026-10-10,2026-10-10 15:40,2026-10-17,7,DEL,BOM,DEL-BOM,QP,Akasa Air,1,7125,INR,0,,16:00,16,18:20,18,False,140,140,0,Boeing 737MAX 8 Passenger,90.0,99.0
2026-10-10,2026-10-10 15:40,2026-10-17,7,DEL,BOM,DEL-BOM,IX,Air India Express,1,7147,INR,0,,23:25,23,01:50,1,True,145,145,0,Boeing 737MAX 8 Passenger,103.0,99.0
2026-10-10,2026-10-10 15:40,2026-10-17,7,DEL,BOM,DEL-BOM,AI,Air India,1,7166,INR,0,,18:00,18,20:25,20,False,145,145,0,Airbus A320neo,102.0,99.0
2026-10-10,2026-10-10 15:40,2026-10-17,7,DEL,BOM,DEL-BOM,AI,Air India,1,7166,INR,0,,19:00,19,21:25,21,False,145,145,0,Airbus A320neo,102.0,99.0
2026-10-10,2026-10-10 15:40,2026-10-17,7,DEL,BOM,DEL-BOM,QP,Akasa Air,1,7232,INR,0,,08:40,8,11:05,11,False,145,145,0,Boeing 737MAX 8 Passenger,90.0,99.0
2026-10-10,2026-10-10 15:40,2026-10-17,7,DEL,BOM,DEL-BOM,QP,Akasa Air,1,7232,INR,0,,10:00,10,12:20,12,False,140,140,0,Boeing 737MAX 8 Passenger,86.0,99.0
2026-10-10,2026-10-10 15:40,2026-10-17,7,DEL,BOM,DEL-BOM,QP,Akasa Air,1,7448,INR,0,,06:50,6,09:05,9,False,135,135,0,Boeing 737MAX 8 Passenger,90.0,99.0
2026-10-10,2026-10-10 15:40,2026-10-17,7,DEL,BOM,DEL-BOM,AI,Air India,1,7476,INR,0,,05:00,5,07:25,7,False,145,145,0,Airbus A320neo,102.0,99.0
2026-10-10,2026-10-10 15:40,2026-10-17,7,DEL,BOM,DEL-BOM,AI,Air India,1,7476,INR,0,,06:30,6,08:50,8,False,140,140,0,Airbus A320neo,102.0,99.0
2026-10-10,2026-10-10 15:40,2026-10-17,7,DEL,BOM,DEL-BOM,AI,Air India,1,7476,INR,0,,08:30,8,10:40,10,False,130,130,0,Airbus A320neo,102.0,99.0
2026-10-10,2026-10-10 15:40,2026-10-17,7,DEL,BOM,DEL-BOM,AI,Air India,1,10284,INR,0,,07:00,7,09:25,9,False,145,145,0,Airbus A320neo,102.0,99.0
2026-10-10,2026-10-10 15:40,2026-10-17,7,DEL,BOM,DEL-BOM,AI,Air India,1,10547,INR,0,,07:30,7,09:55,9,False,145,145,0,Airbus A350,100.0,99.0
2026-10-10,2026-10-10 15:40,2026-10-17,7,DEL,BOM,DEL-BOM,AI,Air India,1,13203,INR,0,,14:10,14,16:35,16,False,145,145,0,Airbus A320neo,102.0,99.0
2026-10-10,2026-10-10 15:40,2026-11-09,30,DEL,BOM,DEL-BOM,IX,Air India Express,1,7147,INR,0,,20:40,20,23:10,23,False,150,150,0,Boeing 737MAX 8 Passenger,98.0,99.0
2026-10-10,2026-10-10 15:40,2026-11-09,30,DEL,BOM,DEL-BOM,AI,Air India,1,7386,INR,0,,05:30,5,07:55,7,False,145,145,0,Airbus A321,127.0,99.0
2026-10-10,2026-10-10 15:40,2026-11-09,30,DEL,BOM,DEL-BOM,AI,Air India,1,7386,INR,0,,11:00,11,13:25,13,False,145,145,0,Boeing 787,101.0,99.0
2026-10-10,2026-10-10 15:40,2026-11-09,30,DEL,BOM,DEL-BOM,AI,Air India,1,7386,INR,0,,12:00,12,14:25,14,False,145,145,0,Airbus A321,127.0,99.0
2026-10-10,2026-10-10 15:40,2026-11-09,30,DEL,BOM,DEL-BOM,AI,Air India,1,7386,INR,0,,16:30,16,18:55,18,False,145,145,0,Airbus A320neo,100.0,99.0
2026-10-10,2026-10-10 15:40,2026-11-09,30,DEL,BOM,DEL-BOM,AI,Air India,1,7386,INR,0,,17:00,17,19:30,19,False,150,150,0,Boeing 777,113.0,99.0
2026-10-10,2026-10-10 15:40,2026-11-09,30,DEL,BOM,DEL-BOM,AI,Air India,1,7386,INR,0,,17:30,17,20:00,20,False,150,150,0,Airbus A320neo,100.0,99.0
2026-10-10,2026-10-10 15:40,2026-11-09,30,DEL,BOM,DEL-BOM,AI,Air India,1,7386,INR,0,,20:00,20,22:25,22,False,145,145,0,Airbus A321,127.0,99.0
2026-10-10,2026-10-10 15:40,2026-11-09,30,DEL,BOM,DEL-BOM,AI,Air India,1,7386,INR,0,,20:30,20,23:00,23,False,150,150,0,Airbus A320neo,100.0,99.0
2026-10-10,2026-10-10 15:40,2026-11-09,30,DEL,BOM,DEL-BOM,AI,Air India,1,7386,INR,0,,21:00,21,23:25,23,False,145,145,0,Airbus A320neo,100.0,99.0
2026-10-10,2026-10-10 15:40,2026-11-09,30,DEL,BOM,DEL-BOM,AI,Air India,1,7386,INR,0,,22:00,22,00:25,0,True,145,145,0,Airbus A321,127.0,99.0
2026-10-10,2026-10-10 15:40,2026-11-09,30,DEL,BOM,DEL-BOM,QP,Akasa Air,1,7448,INR,0,,07:10,7,09:30,9,False,140,140,0,Boeing 737MAX 8 Passenger,84.0,99.0
2026-10-10,2026-10-10 15:40,2026-11-09,30,DEL,BOM,DEL-BOM,QP,Akasa Air,1,7448,INR,0,,10:15,10,12:40,12,False,145,145,0,Boeing 737MAX 8 Passenger,84.0,99.0
2026-10-10,2026-10-10 15:40,2026-11-09,30,DEL,BOM,DEL-BOM,QP,Akasa Air,1,7448,INR,0,,18:10,18,20:40,20,False,150,150,0,Boeing 737MAX 8 Passenger,88.0,99.0
2026-10-10,2026-10-10 15:40,2026-11-09,30,DEL,BOM,DEL-BOM,QP,Akasa Air,1,7448,INR,0,,19:55,19,22:25,22,False,150,150,0,Boeing 737MAX 8 Passenger,84.0,99.0
2026-10-10,2026-10-10 15:40,2026-11-09,30,DEL,BOM,DEL-BOM,QP,Akasa Air,1,7448,INR,0,,21:45,21,00:10,0,True,145,145,0,Boeing 737MAX 8 Passenger,83.0,99.0
2026-10-10,2026-10-10 15:40,2026-11-09,30,DEL,BOM,DEL-BOM,SG,SpiceJet,1,7511,INR,0,,05:45,5,08:05,8,False,140,140,0,Boeing 737,99.0,99.0
2026-10-10,2026-10-10 15:40,2026-11-09,30,DEL,BOM,DEL-BOM,SG,SpiceJet,1,7511,INR,0,,06:20,6,08:40,8,False,140,140,0,Boeing 737,99.0,99.0
2026-10-10,2026-10-10 15:40,2026-11-09,30,DEL,BOM,DEL-BOM,SG,SpiceJet,1,7511,INR,0,,07:00,7,09:15,9,False,135,135,0,Boeing 737,99.0,99.0
2026-10-10,2026-10-10 15:40,2026-11-09,30,DEL,BOM,DEL-BOM,SG,SpiceJet,1,7511,INR,0,,09:30,9,11:50,11,False,140,140,0,Boeing 737,99.0,99.0
2026-10-10,2026-10-10 15:40,2026-11-09,30,DEL,BOM,DEL-BOM,AI,Air India,1,7539,INR,0,,13:30,13,15:55,15,False,145,145,0,Airbus A320neo,100.0,99.0
2026-10-10,2026-10-10 15:40,2026-11-09,30,DEL,BOM,DEL-BOM,AI,Air India,1,7565,INR,0,,09:30,9,11:55,11,False,145,145,0,Airbus A320neo,100.0,99.0
2026-10-10,2026-10-10 15:40,2026-11-09,30,DEL,BOM,DEL-BOM,AI,Air India,1,7565,INR,0,,19:30,19,21:55,21,False,145,145,0,Airbus A320neo,100.0,99.0
2026-10-10,2026-10-10 15:40,2026-11-09,30,DEL,BOM,DEL-BOM,AI,Air India,1,7565,INR,0,,21:30,21,23:50,23,False,140,140,0,Airbus A320neo,100.0,99.0
2026-10-10,2026-10-10 15:40,2026-11-09,30,DEL,BOM,DEL-BOM,AI,Air India,1,7680,INR,0,,07:00,7,09:20,9,False,140,140,0,Airbus A320neo,100.0,99.0
2026-10-10,2026-10-10 15:40,2026-11-09,30,DEL,BOM,DEL-BOM,AI,Air India,1,7680,INR,0,,08:30,8,10:45,10,False,135,135,0,Airbus A320neo,100.0,99.0
2026-10-10,2026-10-10 15:40,2026-11-09,30,DEL,BOM,DEL-BOM,AI,Air India,1,7680,INR,0,,09:00,9,11:15,11,False,135,135,0,Airbus A320neo,100.0,99.0
2026-10-10,2026-10-10 15:40,2026-11-09,30,DEL,BOM,DEL-BOM,AI,Air India,1,7680,INR,0,,23:00,23,01:25,1,True,145,145,0,Airbus A320neo,100.0,99.0
2026-10-10,2026-10-10 15:40,2026-11-09,30,DEL,BOM,DEL-BOM,AI,Air India,1,7738,INR,0,,07:30,7,09:45,9,False,135,135,0,Airbus A350,98.0,99.0
2026-10-10,2026-10-10 15:40,2026-11-09,30,DEL,BOM,DEL-BOM,AI,Air India,1,7738,INR,0,,18:00,18,20:25,20,False,145,145,0,Airbus A320neo,100.0,99.0
2026-10-10,2026-10-10 15:40,2026-11-09,30,DEL,BOM,DEL-BOM,AI,Air India,1,7854,INR,0,,19:00,19,21:25,21,False,145,145,0,Airbus A321,127.0,99.0
2026-10-10,2026-10-10 15:40,2026-11-09,30,DEL,BOM,DEL-BOM,SG,SpiceJet,1,7889,INR,0,,19:00,19,21:10,21,False,130,130,0,Boeing 737,99.0,99.0
2026-10-10,2026-10-10 15:40,2026-11-24,45,DEL,BOM,DEL-BOM,AI,Air India,1,7386,INR,0,,09:30,9,11:55,11,False,145,145,0,Airbus A320neo,100.0,99.0
2026-10-10,2026-10-10 15:40,2026-11-24,45,DEL,BOM,DEL-BOM,AI,Air India,1,7386,INR,0,,10:25,10,12:55,12,False,150,150,0,Airbus A320neo,100.0,99.0
2026-10-10,2026-10-10 15:40,2026-11-24,45,DEL,BOM,DEL-BOM,AI,Air India,1,7386,INR,0,,11:00,11,13:25,13,False,145,145,0,Airbus A320neo,100.0,99.0
2026-10-10,2026-10-10 15:40,2026-11-24,45,DEL,BOM,DEL-BOM,AI,Air India,1,7386,INR,0,,12:00,12,14:25,14,False,145,145,0,Airbus A321,127.0,99.0
2026-10-10,2026-10-10 15:40,2026-11-24,45,DEL,BOM,DEL-BOM,AI,Air India,1,7386,INR,0,,22:00,22,00:25,0,True,145,145,0,Airbus A321,127.0,99.0
2026-10-10,2026-10-10 15:40,2026-11-24,45,DEL,BOM,DEL-BOM,QP,Akasa Air,1,7448,INR,0,,07:10,7,09:30,9,False,140,140,0,Boeing 737MAX 8 Passenger,84.0,99.0
2026-10-10,2026-10-10 15:40,2026-11-24,45,DEL,BOM,DEL-BOM,SG,SpiceJet,1,7511,INR,0,,05:45,5,08:05,8,False,140,140,0,Boeing 737,99.0,99.0
2026-10-10,2026-10-10 15:40,2026-11-24,45,DEL,BOM,DEL-BOM,SG,SpiceJet,1,7511,INR,0,,06:20,6,08:40,8,False,140,140,0,Boeing 737,99.0,99.0
2026-10-10,2026-10-10 15:40,2026-11-24,45,DEL,BOM,DEL-BOM,SG,SpiceJet,1,7511,INR,0,,07:00,7,09:15,9,False,135,135,0,Boeing 737,99.0,99.0
2026-10-10,2026-10-10 15:40,2026-11-24,45,DEL,BOM,DEL-BOM,SG,SpiceJet,1,7511,INR,0,,09:30,9,11:50,11,False,140,140,0,Boeing 737,99.0,99.0
2026-10-10,2026-10-10 15:40,2026-11-24,45,DEL,BOM,DEL-BOM,SG,SpiceJet,1,7511,INR,0,,17:10,17,19:25,19,False,135,135,0,Boeing 737,99.0,99.0
2026-10-10,2026-10-10 15:40,2026-11-24,45,DEL,BOM,DEL-BOM,AI,Air India,1,7539,INR,0,,05:30,5,07:55,7,False,145,145,0,Airbus A321,127.0,99.0
2026-10-10,2026-10-10 15:40,2026-11-24,45,DEL,BOM,DEL-BOM,AI,Air India,1,7539,INR,0,,09:00,9,11:15,11,False,135,135,0,Airbus A320neo,100.0,99.0
2026-10-10,2026-10-10 15:40,2026-11-24,45,DEL,BOM,DEL-BOM,QP,Akasa Air,1,7559,INR,0,,16:20,16,18:45,18,False,145,145,0,Boeing 737MAX 8 Passenger,88.0,99.0
2026-10-10,2026-10-10 15:40,2026-11-24,45,DEL,BOM,DEL-BOM,QP,Akasa Air,1,7559,INR,0,,18:10,18,20:40,20,False,150,150,0,Boeing 737MAX 8 Passenger,88.0,99.0
2026-10-10,2026-10-10 15:40,2026-11-24,45,DEL,BOM,DEL-BOM,QP,Akasa Air,1,7559,INR,0,,19:55,19,22:25,22,False,150,150,0,Boeing 737MAX 8 Passenger,84.0,99.0
2026-10-10,2026-10-10 15:40,2026-11-24,45,DEL,BOM,DEL-BOM,QP,Akasa Air,1,7559,INR,0,,21:45,21,00:10,0,True,145,145,0,Boeing 737MAX 8 Passenger,83.0,99.0
2026-10-10,2026-10-10 15:40,2026-11-24,45,DEL,BOM,DEL-BOM,AI,Air India,1,7565,INR,0,,07:30,7,09:45,9,False,135,135,0,Airbus A350,98.0,99.0
2026-10-10,2026-10-10 15:40,2026-11-24,45,DEL,BOM,DEL-BOM,AI,Air India,1,7565,INR,0,,21:30,21,23:50,23,False,140,140,0,Airbus A320neo,100.0,99.0
2026-10-10,2026-10-10 15:40,2026-11-24,45,DEL,BOM,DEL-BOM,AI,Air India,1,7680,INR,0,,23:00,23,01:25,1,True,145,145,0,Airbus A320neo,100.0,99.0
2026-10-10,2026-10-10 15:40,2026-11-24,45,DEL,BOM,DEL-BOM,AI,Air India,1,7838,INR,0,,13:00,13,15:20,15,False,140,140,0,Airbus A320neo,100.0,99.0
2026-10-10,2026-10-10 15:40,2026-11-24,45,DEL,BOM,DEL-BOM,AI,Air India,1,7838,INR,0,,13:30,13,15:55,15,False,145,145,0,Airbus A320neo,100.0,99.0
2026-10-10,2026-10-10 15:40,2026-11-24,45,DEL,BOM,DEL-BOM,AI,Air India,1,7838,INR,0,,16:30,16,18:55,18,False,145,145,0,Airbus A320neo,100.0,99.0
2026-10-10,2026-10-10 15:40,2026-11-24,45,DEL,BOM,DEL-BOM,AI,Air India,1,7838,INR,0,,17:00,17,19:30,19,False,150,150,0,Boeing 777,113.0,99.0
2026-10-10,2026-10-10 15:40,2026-11-24,45,DEL,BOM,DEL-BOM,AI,Air India,1,7838,INR,0,,17:30,17,20:00,20,False,150,150,0,Boeing 787,89.0,99.0
2026-10-10,2026-10-10 15:40,2026-11-24,45,DEL,BOM,DEL-BOM,AI,Air India,1,7838,INR,0,,20:30,20,23:00,23,False,150,150,0,Airbus A320neo,100.0,99.0
2026-10-10,2026-10-10 15:40,2026-11-24,45,DEL,BOM,DEL-BOM,AI,Air India,1,7854,INR,0,,21:30,21,23:55,23,False,145,145,0,Boeing 787,98.0,99.0
2026-10-10,2026-10-10 15:40,2026-11-24,45,DEL,BOM,DEL-BOM,QP,Akasa Air,1,8147,INR,0,,13:40,13,16:00,16,False,140,140,0,Boeing 737MAX 8 Passenger,84.0,99.0
2026-10-10,2026-10-10 15:40,2026-11-24,45,DEL,BOM,DEL-BOM,AI,Air India,1,8331,INR,0,,20:00,20,22:25,22,False,145,145,0,Airbus A321,127.0,99.0
2026-10-10,2026-10-10 15:40,2026-11-24,45,DEL,BOM,DEL-BOM,AI,Air India,1,8331,INR,0,,21:00,21,23:25,23,False,145,145,0,Airbus A320neo,100.0,99.0
2026-10-10,2026-10-10 15:40,2026-11-24,45,DEL,BOM,DEL-BOM,AI,Air India,1,8631,INR,0,,07:00,7,09:20,9,False,140,140,0,Airbus A320neo,100.0,99.0
2026-10-10,2026-10-10 15:40,2026-11-24,45,DEL,BOM,DEL-BOM,AI,Air India,1,8631,INR,0,,08:30,8,10:45,10,False,135,135,0,Airbus A320neo,100.0,99.0
2026-10-10,2026-10-10 15:40,2026-11-24,45,DEL,BOM,DEL-BOM,AI,Air India,1,8846,INR,0,,19:30,19,21:55,21,False,145,145,0,Airbus A320neo,100.0,99.0
2026-10-10,2026-10-10 15:40,2026-11-24,45,DEL,BOM,DEL-BOM,IX,Air India Express,1,9561,INR,0,,08:50,8,11:15,11,False,145,145,0,Boeing 737MAX 8 Passenger,98.0,99.0
2026-10-10,2026-10-10 15:40,2026-11-24,45,DEL,BOM,DEL-BOM,AI,Air India,1,10284,INR,0,,15:30,15,17:45,17,False,135,135,0,Airbus A320neo,100.0,99.0
2026-10-10,2026-10-10 15:40,2026-11-24,45,DEL,BOM,DEL-BOM,AI,Air India,1,10988,INR,0,,18:00,18,20:25,20,False,145,145,0,Airbus A320neo,100.0,99.0
2026-10-10,2026-10-10 15:40,2026-11-24,45,DEL,BOM,DEL-BOM,IX,Air India Express,1,11804,INR,0,,20:40,20,23:10,23,False,150,150,0,Boeing 737MAX 8 Passenger,98.0,99.0
2026-10-10,2026-10-10 15:40,2026-11-24,45,DEL,BOM,DEL-BOM,AI,Air India,1,13203,INR,0,,06:20,6,08:55,8,False,155,155,0,Airbus A320neo,100.0,99.0
2026-10-10,2026-10-10 15:40,2026-12-09,60,DEL,BOM,DEL-BOM,QP,Akasa Air,1,7232,INR,0,,07:10,7,09:30,9,False,140,140,0,Boeing 737MAX 8 Passenger,83.0,99.0
2026-10-10,2026-10-10 15:40,2026-12-09,60,DEL,BOM,DEL-BOM,AI,Air India,1,7386,INR,0,,05:30,5,07:55,7,False,145,145,0,Airbus A321,123.0,99.0
2026-10-10,2026-10-10 15:40,2026-12-09,60,DEL,BOM,DEL-BOM,AI,Air India,1,7386,INR,0,,09:30,9,11:55,11,False,145,145,0,Airbus A320neo,97.0,99.0
2026-10-10,2026-10-10 15:40,2026-12-09,60,DEL,BOM,DEL-BOM,AI,Air India,1,7386,INR,0,,11:00,11,13:25,13,False,145,145,0,Airbus A320neo,97.0,99.0
2026-10-10,2026-10-10 15:40,2026-12-09,60,DEL,BOM,DEL-BOM,AI,Air India,1,7386,INR,0,,21:00,21,23:25,23,False,145,145,0,Airbus A320neo,97.0,99.0
2026-10-10,2026-10-10 15:40,2026-12-09,60,DEL,BOM,DEL-BOM,AI,Air India,1,7386,INR,0,,22:00,22,00:25,0,True,145,145,0,Airbus A321,123.0,99.0
2026-10-10,2026-10-10 15:40,2026-12-09,60,DEL,BOM,DEL-BOM,AI,Air India,1,7386,INR,0,,22:30,22,00:55,0,True,145,145,0,Airbus A320neo,97.0,99.0
2026-10-10,2026-10-10 15:40,2026-12-09,60,DEL,BOM,DEL-BOM,QP,Akasa Air,1,7448,INR,0,,19:55,19,22:25,22,False,150,150,0,Boeing 737MAX 8 Passenger,83.0,99.0
2026-10-10,2026-10-10 15:40,2026-12-09,60,DEL,BOM,DEL-BOM,QP,Akasa Air,1,7448,INR,0,,21:45,21,00:10,0,True,145,145,0,Boeing 737MAX 8 Passenger,81.0,99.0
2026-10-10,2026-10-10 15:40,2026-12-09,60,DEL,BOM,DEL-BOM,IX,Air India Express,1,7452,INR,0,,08:50,8,11:15,11,False,145,145,0,Boeing 737MAX 8 Passenger,95.0,99.0
2026-10-10,2026-10-10 15:40,2026-12-09,60,DEL,BOM,DEL-BOM,IX,Air India Express,1,7452,INR,0,,20:40,20,23:10,23,False,150,150,0,Boeing 737MAX 8 Passenger,95.0,99.0
2026-10-10,2026-10-10 15:40,2026-12-09,60,DEL,BOM,DEL-BOM,SG,SpiceJet,1,7511,INR,0,,05:45,5,08:05,8,False,140,140,0,Boeing 737,98.0,99.0
2026-10-10,2026-10-10 15:40,2026-12-09,60,DEL,BOM,DEL-BOM,SG,SpiceJet,1,7511,INR,0,,06:20,6,08:40,8,False,140,140,0,Boeing 737,98.0,99.0
2026-10-10,2026-10-10 15:40,2026-12-09,60,DEL,BOM,DEL-BOM,SG,SpiceJet,1,7511,INR,0,,07:00,7,09:15,9,False,135,135,0,Boeing 737,98.0,99.0
2026-10-10,2026-10-10 15:40,2026-12-09,60,DEL,BOM,DEL-BOM,SG,SpiceJet,1,7511,INR,0,,09:30,9,11:50,11,False,140,140,0,Boeing 737,98.0,99.0
2026-10-10,2026-10-10 15:40,2026-12-09,60,DEL,BOM,DEL-BOM,SG,SpiceJet,1,7511,INR,0,,17:10,17,19:25,19,False,135,135,0,Boeing 737,98.0,99.0
2026-10-10,2026-10-10 15:40,2026-12-09,60,DEL,BOM,DEL-BOM,AI,Air India,1,7539,INR,0,,06:20,6,08:55,8,False,155,155,0,Airbus A320neo,97.0,99.0
2026-10-10,2026-10-10 15:40,2026-12-09,60,DEL,BOM,DEL-BOM,AI,Air India,1,7539,INR,0,,10:25,10,12:55,12,False,150,150,0,Airbus A320neo,97.0,99.0
2026-10-10,2026-10-10 15:40,2026-12-09,60,DEL,BOM,DEL-BOM,AI,Air India,1,7565,INR,0,,07:30,7,09:45,9,False,135,135,0,Airbus A350,95.0,99.0
2026-10-10,2026-10-10 15:40,2026-12-09,60,DEL,BOM,DEL-BOM,AI,Air India,1,7565,INR,0,,21:30,21,23:50,23,False,140,140,0,Airbus A320neo,97.0,99.0
2026-10-10,2026-10-10 15:40,2026-12-09,60,DEL,BOM,DEL-BOM,QP,Akasa Air,1,7671,INR,0,,10:15,10,12:40,12,False,145,145,0,Boeing 737MAX 8 Passenger,83.0,99.0
2026-10-10,2026-10-10 15:40,2026-12-09,60,DEL,BOM,DEL-BOM,AI,Air India,1,7680,INR,0,,23:00,23,01:25,1,True,145,145,0,Airbus A320neo,97.0,99.0
2026-10-10,2026-10-10 15:40,2026-12-09,60,DEL,BOM,DEL-BOM,AI,Air India,1,7838,INR,0,,08:30,8,10:45,10,False,135,135,0,Airbus A320neo,97.0,99.0
2026-10-10,2026-10-10 15:40,2026-12-09,60,DEL,BOM,DEL-BOM,AI,Air India,1,7838,INR,0,,13:30,13,15:55,15,False,145,145,0,Airbus A320neo,97.0,99.0
2026-10-10,2026-10-10 15:40,2026-12-09,60,DEL,BOM,DEL-BOM,AI,Air India,1,7838,INR,0,,17:00,17,19:30,19,False,150,150,0,Boeing 777,109.0,99.0
2026-10-10,2026-10-10 15:40,2026-12-09,60,DEL,BOM,DEL-BOM,AI,Air India,1,7838,INR,0,,17:30,17,20:00,20,False,150,150,0,Airbus A320neo,97.0,99.0
2026-10-10,2026-10-10 15:40,2026-12-09,60,DEL,BOM,DEL-BOM,AI,Air India,1,7838,INR,0,,20:30,20,23:00,23,False,150,150,0,Airbus A320neo,97.0,99.0
2026-10-10,2026-10-10 15:40,2026-12-09,60,DEL,BOM,DEL-BOM,AI,Air India,1,7854,INR,0,,19:00,19,21:25,21,False,145,145,0,Airbus A321,123.0,99.0
2026-10-10,2026-10-10 15:40,2026-12-09,60,DEL,BOM,DEL-BOM,AI,Air India,1,8016,INR,0,,07:00,7,09:20,9,False,140,140,0,Airbus A320neo,97.0,99.0
2026-10-10,2026-10-10 15:40,2026-12-09,60,DEL,BOM,DEL-BOM,AI,Air India,1,8016,INR,0,,09:00,9,11:15,11,False,135,135,0,Airbus A320neo,97.0,99.0
2026-10-10,2026-10-10 15:40,2026-12-09,60,DEL,BOM,DEL-BOM,AI,Air India,1,8016,INR,0,,18:00,18,20:25,20,False,145,145,0,Airbus A320neo,97.0,99.0
2026-10-10,2026-10-10 15:40,2026-12-09,60,DEL,BOM,DEL-BOM,AI,Air India,1,8027,INR,0,,19:30,19,21:55,21,False,145,145,0,Airbus A320neo,97.0,99.0
2026-10-10,2026-10-10 15:40,2026-12-09,60,DEL,BOM,DEL-BOM,AI,Air India,1,8153,INR,0,,20:00,20,22:25,22,False,145,145,0,Airbus A321,123.0,99.0
2026-10-10,2026-10-10 15:40,2026-12-09,60,DEL,BOM,DEL-BOM,AI,Air India,1,8841,INR,0,,16:30,16,18:55,18,False,145,145,0,Airbus A320neo,97.0,99.0
2026-10-10,2026-10-10 15:40,2026-12-09,60,DEL,BOM,DEL-BOM,AI,Air India,1,10284,INR,0,,15:30,15,17:45,17,False,135,135,0,Airbus A320neo,97.0,99.0
2026-10-10,2026-10-10 15:40,2026-10-11,1,BOM,DEL,BOM-DEL,QP,Akasa Air,1,6950,INR,0,,07:00,7,09:20,9,False,140,140,0,Boeing 737MAX 8 Passenger,89.0,102.0
2026-10-10,2026-10-10 15:40,2026-10-11,1,BOM,DEL,BOM-DEL,AI,Air India,1,7035,INR,0,,01:00,1,03:20,3,False,140,140,0,Airbus A320neo,105.0,102.0
2026-10-10,2026-10-10 15:40,2026-10-11,1,BOM,DEL,BOM-DEL,AI,Air India,1,7035,INR,0,,06:30,6,08:40,8,False,130,130,0,Airbus A320neo,105.0,102.0
2026-10-10,2026-10-10 15:40,2026-10-11,1,BOM,DEL,BOM-DEL,AI,Air India,1,7035,INR,0,,07:00,7,09:15,9,False,135,135,0,Airbus A320neo,105.0,102.0
2026-10-10,2026-10-10 15:40,2026-10-11,1,BOM,DEL,BOM-DEL,AI,Air India,1,7035,INR,0,,07:30,7,09:45,9,False,135,135,0,Airbus A321,133.0,102.0
2026-10-10,2026-10-10 15:40,2026-10-11,1,BOM,DEL,BOM-DEL,AI,Air India,1,7035,INR,0,,20:30,20,22:50,22,False,140,140,0,Airbus A320neo,105.0,102.0
2026-10-10,2026-10-10 15:40,2026-10-11,1,BOM,DEL,BOM-DEL,AI,Air India,1,7035,INR,0,,21:00,21,23:15,23,False,135,135,0,Boeing 777,118.0,102.0
2026-10-10,2026-10-10 15:40,2026-10-11,1,BOM,DEL,BOM-DEL,AI,Air India,1,7035,INR,0,,22:35,22,01:00,1,True,145,145,0,Airbus A320neo,105.0,102.0
2026-10-10,2026-10-10 15:40,2026-10-11,1,BOM,DEL,BOM-DEL,AI,Air India,1,7035,INR,0,,23:55,23,02:15,2,True,140,140,0,Airbus A320neo,105.0,102.0
2026-10-10,2026-10-10 15:40,2026-10-11,1,BOM,DEL,BOM-DEL,QP,Akasa Air,1,7157,INR,0,,10:25,10,12:45,12,False,140,140,0,Boeing 737MAX 8 Passenger,93.0,102.0
2026-10-10,2026-10-10 15:40,2026-10-11,1,BOM,DEL,BOM-DEL,AI,Air India,1,7245,INR,0,,08:30,8,10:50,10,False,140,140,0,Airbus A320neo,105.0,102.0
2026-10-10,2026-10-10 15:40,2026-10-11,1,BOM,DEL,BOM-DEL,AI,Air India,1,7245,INR,0,,09:30,9,11:50,11,False,140,140,0,Airbus A320neo,105.0,102.0
2026-10-10,2026-10-10 15:40,2026-10-11,1,BOM,DEL,BOM-DEL,AI,Air India,1,7245,INR,0,,11:25,11,13:50,13,False,145,145,0,Boeing 787,103.0,102.0
2026-10-10,2026-10-10 15:40,2026-10-11,1,BOM,DEL,BOM-DEL,AI,Air India,1,7245,INR,0,,20:00,20,22:20,22,False,140,140,0,Airbus A320neo,105.0,102.0
2026-10-10,2026-10-10 15:40,2026-10-11,1,BOM,DEL,BOM-DEL,QP,Akasa Air,1,7264,INR,0,,14:30,14,16:50,16,False,140,140,0,Boeing 737MAX 8 Passenger,93.0,102.0
2026-10-10,2026-10-10 15:40,2026-10-11,1,BOM,DEL,BOM-DEL,QP,Akasa Air,1,7370,INR,0,,19:00,19,21:15,21,False,135,135,0,Boeing 737MAX 8 Passenger,93.0,102.0
2026-10-10,2026-10-10 15:40,2026-10-11,1,BOM,DEL,BOM-DEL,AI,Air India,1,7508,INR,0,,12:00,12,14:20,14,False,140,140,0,Airbus A320neo,105.0,102.0
2026-10-10,2026-10-10 15:40,2026-10-11,1,BOM,DEL,BOM-DEL,AI,Air India,1,7508,INR,0,,13:00,13,15:15,15,False,135,135,0,Airbus A320neo,105.0,102.0
2026-10-10,2026-10-10 15:40,2026-10-11,1,BOM,DEL,BOM-DEL,AI,Air India,1,7508,INR,0,,15:00,15,17:20,17,False,140,140,0,Airbus A320neo,105.0,102.0
2026-10-10,2026-10-10 15:40,2026-10-11,1,BOM,DEL,BOM-DEL,AI,Air India,1,7823,INR,0,,08:00,8,10:20,10,False,140,140,0,Airbus A320neo,105.0,102.0
2026-10-10,2026-10-10 15:40,2026-10-11,1,BOM,DEL,BOM-DEL,IX,Air India Express,1,7950,INR,0,,16:45,16,19:05,19,False,140,140,0,Boeing 737MAX 8 Passenger,104.0,102.0
2026-10-10,2026-10-10 15:40,2026-10-11,1,BOM,DEL,BOM-DEL,QP,Akasa Air,1,10011,INR,0,,13:00,13,15:20,15,False,140,140,0,Boeing 737MAX 8 Passenger,93.0,102.0
2026-10-10,2026-10-10 15:40,2026-10-11,1,BOM,DEL,BOM-DEL,AI,Air India,1,10316,INR,0,,19:30,19,21:45,21,False,135,135,0,Airbus A320neo,105.0,102.0
2026-10-10,2026-10-10 15:40,2026-10-11,1,BOM,DEL,BOM-DEL,AI,Air India,1,13703,INR,0,,18:00,18,20:20,20,False,140,140,0,Airbus A320neo,105.0,102.0
2026-10-10,2026-10-10 15:40,2026-10-11,1,BOM,DEL,BOM-DEL,AI,Air India,1,17393,INR,0,,16:30,16,19:00,19,False,150,150,0,Airbus A321,133.0,102.0
2026-10-10,2026-10-10 15:40,2026-10-11,1,BOM,DEL,BOM-DEL,AI,Air India,1,24192,INR,0,,18:30,18,20:50,20,False,140,140,0,Airbus A320neo,105.0,102.0
2026-10-10,2026-10-10 15:40,2026-10-13,3,BOM,DEL,BOM-DEL,IX,Air India Express,1,6958,INR,0,,16:45,16,19:05,19,False,140,140,0,Boeing 737MAX 8 Passenger,104.0,102.0
2026-10-10,2026-10-10 15:40,2026-10-13,3,BOM,DEL,BOM-DEL,AI,Air India,1,7035,INR,0,,11:25,11,13:50,13,False,145,145,0,Airbus A350,103.0,102.0
2026-10-10,2026-10-10 15:40,2026-10-13,3,BOM,DEL,BOM-DEL,AI,Air India,1,7035,INR,0,,14:35,14,16:55,16,False,140,140,0,Airbus A320neo,105.0,102.0
2026-10-10,2026-10-10 15:40,2026-10-13,3,BOM,DEL,BOM-DEL,AI,Air India,1,7035,INR,0,,15:30,15,17:50,17,False,140,140,0,Airbus A320neo,105.0,102.0
2026-10-10,2026-10-10 15:40,2026-10-13,3,BOM,DEL,BOM-DEL,AI,Air India,1,7035,INR,0,,16:30,16,19:00,19,False,150,150,0,Boeing 787,106.0,102.0
2026-10-10,2026-10-10 15:40,2026-10-13,3,BOM,DEL,BOM-DEL,AI,Air India,1,7035,INR,0,,17:30,17,19:50,19,False,140,140,0,Airbus A321,133.0,102.0
2026-10-10,2026-10-10 15:40,2026-10-13,3,BOM,DEL,BOM-DEL,AI,Air India,1,7035,INR,0,,18:00,18,20:20,20,False,140,140,0,Airbus A320neo,105.0,102.0
2026-10-10,2026-10-10 15:40,2026-10-13,3,BOM,DEL,BOM-DEL,AI,Air India,1,7035,INR,0,,21:30,21,23:45,23,False,135,135,0,Airbus A320neo,105.0,102.0
2026-10-10,2026-10-10 15:40,2026-10-13,3,BOM,DEL,BOM-DEL,AI,Air India,1,7035,INR,0,,22:35,22,01:00,1,True,145,145,0,Airbus A320neo,105.0,102.0
2026-10-10,2026-10-10 15:40,2026-10-13,3,BOM,DEL,BOM-DEL,AI,Air India,1,7035,INR,0,,23:55,23,02:15,2,True,140,140,0,Airbus A320neo,105.0,102.0
2026-10-10,2026-10-10 15:40,2026-10-13,3,BOM,DEL,BOM-DEL,SG,SpiceJet,1,7118,INR,0,,18:00,18,20:30,20,False,150,150,0,Boeing 737,105.0,102.0
2026-10-10,2026-10-10 15:40,2026-10-13,3,BOM,DEL,BOM-DEL,QP,Akasa Air,1,7157,INR,0,,10:25,10,12:45,12,False,140,140,0,Boeing 737MAX 8 Passenger,93.0,102.0
2026-10-10,2026-10-10 15:40,2026-10-13,3,BOM,DEL,BOM-DEL,QP,Akasa Air,1,7157,INR,0,,13:00,13,15:20,15,False,140,140,0,Boeing 737MAX 8 Passenger,93.0,102.0
2026-10-10,2026-10-10 15:40,2026-10-13,3,BOM,DEL,BOM-DEL,QP,Akasa Air,1,7157,INR,0,,14:30,14,16:50,16,False,140,140,0,Boeing 737MAX 8 Passenger,89.0,102.0
2026-10-10,2026-10-10 15:40,2026-10-13,3,BOM,DEL,BOM-DEL,QP,Akasa Air,1,7157,INR,0,,16:50,16,19:20,19,False,150,150,0,Boeing 737MAX 8 Passenger,93.0,102.0
2026-10-10,2026-10-10 15:40,2026-10-13,3,BOM,DEL,BOM-DEL,AI,Air India,1,7198,INR,0,,18:30,18,20:50,20,False,140,140,0,Airbus A320neo,105.0,102.0
2026-10-10,2026-10-10 15:40,2026-10-13,3,BOM,DEL,BOM-DEL,AI,Air India,1,7245,INR,0,,20:00,20,22:20,22,False,140,140,0,Airbus A321,133.0,102.0
2026-10-10,2026-10-10 15:40,2026-10-13,3,BOM,DEL,BOM-DEL,AI,Air India,1,7508,INR,0,,01:00,1,03:20,3,False,140,140,0,Airbus A320neo,105.0,102.0
2026-10-10,2026-10-10 15:40,2026-10-13,3,BOM,DEL,BOM-DEL,AI,Air India,1,9188,INR,0,,20:30,20,22:50,22,False,140,140,0,Airbus A320neo,105.0,102.0
2026-10-10,2026-10-10 15:40,2026-10-13,3,BOM,DEL,BOM-DEL,QP,Akasa Air,1,9250,INR,0,,19:00,19,21:15,21,False,135,135,0,Boeing 737MAX 8 Passenger,93.0,102.0
2026-10-10,2026-10-10 15:40,2026-10-13,3,BOM,DEL,BOM-DEL,AI,Air India,1,10316,INR,0,,19:30,19,21:45,21,False,135,135,0,Airbus A320neo,105.0,102.0
2026-10-10,2026-10-10 15:40,2026-10-13,3,BOM,DEL,BOM-DEL,AI,Air India,1,10579,INR,0,,06:30,6,08:40,8,False,130,130,0,Airbus A320neo,105.0,102.0
2026-10-10,2026-10-10 15:40,2026-10-13,3,BOM,DEL,BOM-DEL,QP,Akasa Air,1,11397,INR,0,,07:00,7,09:20,9,False,140,140,0,Boeing 737MAX 8 Passenger,89.0,102.0
2026-10-10,2026-10-10 15:40,2026-10-13,3,BOM,DEL,BOM-DEL,AI,Air India,1,13587,INR,0,,09:30,9,11:50,11,False,140,140,0,Airbus A320neo,105.0,102.0
2026-10-10,2026-10-10 15:40,2026-10-13,3,BOM,DEL,BOM-DEL,AI,Air India,1,17393,INR,0,,08:30,8,10:50,10,False,140,140,0,Airbus A320neo,105.0,102.0
2026-10-10,2026-10-10 15:40,2026-10-13,3,BOM,DEL,BOM-DEL,AI,Air India,1,17546,INR,0,,07:00,7,09:15,9,False,135,135,0,Airbus A320neo,105.0,102.0
2026-10-10,2026-10-10 15:40,2026-10-17,7,BOM,DEL,BOM-DEL,AI,Air India,1,7035,INR,0,,15:00,15,17:20,17,False,140,140,0,Airbus A320neo,105.0,102.0
2026-10-10,2026-10-10 15:40,2026-10-17,7,BOM,DEL,BOM-DEL,AI,Air India,1,7035,INR,0,,15:30,15,17:50,17,False,140,140,0,Airbus A320neo,105.0,102.0
2026-10-10,2026-10-10 15:40,2026-10-17,7,BOM,DEL,BOM-DEL,AI,Air India,1,7035,INR,0,,16:30,16,19:00,19,False,150,150,0,Boeing 787,106.0,102.0
2026-10-10,2026-10-10 15:40,2026-10-17,7,BOM,DEL,BOM-DEL,AI,Air India,1,7035,INR,0,,19:30,19,21:45,21,False,135,135,0,Airbus A320neo,105.0,102.0
2026-10-10,2026-10-10 15:40,2026-10-17,7,BOM,DEL,BOM-DEL,AI,Air India,1,7035,INR,0,,20:30,20,22:50,22,False,140,140,0,Airbus A320neo,105.0,102.0
2026-10-10,2026-10-10 15:40,2026-10-17,7,BOM,DEL,BOM-DEL,AI,Air India,1,7035,INR,0,,21:00,21,23:15,23,False,135,135,0,Boeing 777,118.0,102.0
2026-10-10,2026-10-10 15:40,2026-10-17,7,BOM,DEL,BOM-DEL,AI,Air India,1,7035,INR,0,,21:30,21,23:45,23,False,135,135,0,Airbus A320neo,105.0,102.0
2026-10-10,2026-10-10 15:40,2026-10-17,7,BOM,DEL,BOM-DEL,AI,Air India,1,7035,INR,0,,22:35,22,01:00,1,True,145,145,0,Airbus A320neo,105.0,102.0
2026-10-10,2026-10-10 15:40,2026-10-17,7,BOM,DEL,BOM-DEL,AI,Air India,1,7035,INR,0,,23:55,23,02:15,2,True,140,140,0,Airbus A320neo,105.0,102.0
2026-10-10,2026-10-10 15:40,2026-10-17,7,BOM,DEL,BOM-DEL,IX,Air India Express,1,7127,INR,0,,14:45,14,17:00,17,False,135,135,0,Airbus A320,120.0,102.0
2026-10-10,2026-10-10 15:40,2026-10-17,7,BOM,DEL,BOM-DEL,AI,Air India,1,7245,INR,0,,20:00,20,22:20,22,False,140,140,0,Airbus A320neo,105.0,102.0
2026-10-10,2026-10-10 15:40,2026-10-17,7,BOM,DEL,BOM-DEL,QP,Akasa Air,1,7370,INR,0,,14:30,14,16:50,16,False,140,140,0,Boeing 737MAX 8 Passenger,89.0,102.0
2026-10-10,2026-10-10 15:40,2026-10-17,7,BOM,DEL,BOM-DEL,AI,Air India,1,7508,INR,0,,13:00,13,15:15,15,False,135,135,0,Airbus A320neo,105.0,102.0
2026-10-10,2026-10-10 15:40,2026-10-17,7,BOM,DEL,BOM-DEL,QP,Akasa Air,1,7591,INR,0,,13:00,13,15:20,15,False,140,140,0,Boeing 737MAX 8 Passenger,93.0,102.0
2026-10-10,2026-10-10 15:40,2026-10-17,7,BOM,DEL,BOM-DEL,QP,Akasa Air,1,7703,INR,0,,19:00,19,21:15,21,False,135,135,0,Boeing 737MAX 8 Passenger,93.0,102.0
2026-10-10,2026-10-10 15:40,2026-10-17,7,BOM,DEL,BOM-DEL,SG,SpiceJet,1,8148,INR,0,,05:50,5,08:20,8,False,150,150,0,Boeing 737,105.0,102.0
2026-10-10,2026-10-10 15:40,2026-10-17,7,BOM,DEL,BOM-DEL,AI,Air India,1,8505,INR,0,,01:00,1,03:20,3,False,140,140,0,Airbus A320neo,105.0,102.0
2026-10-10,2026-10-10 15:40,2026-10-17,7,BOM,DEL,BOM-DEL,AI,Air India,1,8505,INR,0,,06:30,6,08:40,8,False,130,130,0,Airbus A320neo,105.0,102.0
2026-10-10,2026-10-10 15:40,2026-10-17,7,BOM,DEL,BOM-DEL,AI,Air India,1,8505,INR,0,,11:25,11,13:50,13,False,145,145,0,Airbus A350,103.0,102.0
2026-10-10,2026-10-10 15:40,2026-10-17,7,BOM,DEL,BOM-DEL,AI,Air India,1,8505,INR,0,,12:00,12,14:20,14,False,140,140,0,Airbus A320neo,105.0,102.0
2026-10-10,2026-10-10 15:40,2026-10-17,7,BOM,DEL,BOM-DEL,QP,Akasa Air,1,8694,INR,0,,10:05,10,12:25,12,False,140,140,0,Boeing 737MAX 8 Passenger,93.0,102.0
2026-10-10,2026-10-10 15:40,2026-10-17,7,BOM,DEL,BOM-DEL,AI,Air India,1,8715,INR,0,,09:30,9,11:50,11,False,140,140,0,Airbus A320neo,105.0,102.0
2026-10-10,2026-10-10 15:40,2026-10-17,7,BOM,DEL,BOM-DEL,AI,Air India,1,8715,INR,0,,10:00,10,12:20,12,False,140,140,0,Airbus A320neo,105.0,102.0
2026-10-10,2026-10-10 15:40,2026-10-17,7,BOM,DEL,BOM-DEL,QP,Akasa Air,1,9107,INR,0,,07:00,7,09:20,9,False,140,140,0,Boeing 737MAX 8 Passenger,89.0,102.0
2026-10-10,2026-10-10 15:40,2026-10-17,7,BOM,DEL,BOM-DEL,AI,Air India,1,9261,INR,0,,18:30,18,20:50,20,False,140,140,0,Airbus A320neo,105.0,102.0
2026-10-10,2026-10-10 15:40,2026-10-17,7,BOM,DEL,BOM-DEL,AI,Air India,1,10316,INR,0,,07:00,7,09:15,9,False,135,135,0,Airbus A320neo,105.0,102.0
2026-10-10,2026-10-10 15:40,2026-10-17,7,BOM,DEL,BOM-DEL,AI,Air India,1,10316,INR,0,,08:30,8,10:50,10,False,140,140,0,Airbus A320neo,105.0,102.0
2026-10-10,2026-10-10 15:40,2026-10-17,7,BOM,DEL,BOM-DEL,AI,Air India,1,13587,INR,0,,08:00,8,10:20,10,False,140,140,0,Airbus A320neo,105.0,102.0
2026-10-10,2026-10-10 15:40,2026-10-24,14,BOM,DEL,BOM-DEL,AI,Air India,1,7035,INR,0,,15:00,15,17:20,17,False,140,140,0,Airbus A320neo,105.0,102.0
2026-10-10,2026-10-10 15:40,2026-10-24,14,BOM,DEL,BOM-DEL,AI,Air India,1,7035,INR,0,,15:30,15,17:50,17,False,140,140,0,Airbus A320neo,105.0,102.0
2026-10-10,2026-10-10 15:40,2026-10-24,14,BOM,DEL,BOM-DEL,AI,Air India,1,7035,INR,0,,16:30,16,19:00,19,False,150,150,0,Boeing 787,106.0,102.0
2026-10-10,2026-10-10 15:40,2026-10-24,14,BOM,DEL,BOM-DEL,AI,Air India,1,7035,INR,0,,19:30,19,21:45,21,False,135,135,0,Airbus A320neo,105.0,102.0
2026-10-10,2026-10-10 15:40,2026-10-24,14,BOM,DEL,BOM-DEL,AI,Air India,1,7035,INR,0,,20:30,20,22:50,22,False,140,140,0,Airbus A320neo,105.0,102.0
2026-10-10,2026-10-10 15:40,2026-10-24,14,BOM,DEL,BOM-DEL,QP,Akasa Air,1,7157,INR,0,,19:00,19,21:15,21,False,135,135,0,Boeing 737MAX 8 Passenger,93.0,102.0
2026-10-10,2026-10-10 15:40,2026-10-24,14,BOM,DEL,BOM-DEL,AI,Air India,1,7245,INR,0,,20:00,20,22:20,22,False,140,140,0,Airbus A320neo,105.0,102.0
2026-10-10,2026-10-10 15:40,2026-10-24,14,BOM,DEL,BOM-DEL,AI,Air India,1,7256,INR,0,,18:30,18,20:50,20,False,140,140,0,Airbus A320neo,105.0,102.0
2026-10-10,2026-10-10 15:40,2026-10-24,14,BOM,DEL,BOM-DEL,QP,Akasa Air,1,7370,INR,0,,14:30,14,16:50,16,False,140,140,0,Boeing 737MAX 8 Passenger,89.0,102.0
2026-10-10,2026-10-10 15:40,2026-10-24,14,BOM,DEL,BOM-DEL,AI,Air India,1,7508,INR,0,,12:00,12,14:20,14,False,140,140,0,Airbus A320neo,105.0,102.0
2026-10-10,2026-10-10 15:40,2026-10-24,14,BOM,DEL,BOM-DEL,AI,Air India,1,7508,INR,0,,13:00,13,15:15,15,False,135,135,0,Airbus A320neo,105.0,102.0
2026-10-10,2026-10-10 15:40,2026-10-24,14,BOM,DEL,BOM-DEL,AI,Air India,1,7508,INR,0,,23:55,23,02:15,2,True,140,140,0,Airbus A320neo,105.0,102.0
2026-10-10,2026-10-10 15:40,2026-10-24,14,BOM,DEL,BOM-DEL,QP,Akasa Air,1,7591,INR,0,,13:00,13,15:20,15,False,140,140,0,Boeing 737MAX 8 Passenger,87.0,102.0
2026-10-10,2026-10-10 15:40,2026-10-24,14,BOM,DEL,BOM-DEL,QP,Akasa Air,1,7703,INR,0,,07:00,7,09:20,9,False,140,140,0,Boeing 737MAX 8 Passenger,89.0,102.0
2026-10-10,2026-10-10 15:40,2026-10-24,14,BOM,DEL,BOM-DEL,QP,Akasa Air,1,7703,INR,0,,10:05,10,12:25,12,False,140,140,0,Boeing 737MAX 8 Passenger,93.0,102.0
2026-10-10,2026-10-10 15:40,2026-10-24,14,BOM,DEL,BOM-DEL,AI,Air India,1,7823,INR,0,,01:00,1,03:20,3,False,140,140,0,Airbus A320neo,105.0,102.0
2026-10-10,2026-10-10 15:40,2026-10-24,14,BOM,DEL,BOM-DEL,AI,Air India,1,7823,INR,0,,06:30,6,08:40,8,False,130,130,0,Airbus A320neo,105.0,102.0
2026-10-10,2026-10-10 15:40,2026-10-24,14,BOM,DEL,BOM-DEL,AI,Air India,1,7823,INR,0,,07:00,7,09:15,9,False,135,135,0,Airbus A320neo,105.0,102.0
2026-10-10,2026-10-10 15:40,2026-10-24,14,BOM,DEL,BOM-DEL,AI,Air India,1,7823,INR,0,,11:25,11,13:50,13,False,145,145,0,Airbus A350,103.0,102.0
2026-10-10,2026-10-10 15:40,2026-10-24,14,BOM,DEL,BOM-DEL,SG,SpiceJet,1,7953,INR,0,,06:25,6,08:55,8,False,150,150,0,Boeing 737,105.0,102.0
2026-10-10,2026-10-10 15:40,2026-10-24,14,BOM,DEL,BOM-DEL,AI,Air India,1,8012,INR,0,,09:30,9,11:50,11,False,140,140,0,Airbus A320neo,105.0,102.0
2026-10-10,2026-10-10 15:40,2026-10-24,14,BOM,DEL,BOM-DEL,AI,Air India,1,8012,INR,0,,10:00,10,12:20,12,False,140,140,0,Airbus A320neo,105.0,102.0
2026-10-10,2026-10-10 15:40,2026-10-24,14,BOM,DEL,BOM-DEL,AI,Air India,1,8138,INR,0,,08:30,8,10:50,10,False,140,140,0,Airbus A320neo,105.0,102.0
2026-10-10,2026-10-10 15:40,2026-10-24,14,BOM,DEL,BOM-DEL,AI,Air India,1,8138,INR,0,,21:00,21,23:15,23,False,135,135,0,Boeing 777,118.0,102.0
2026-10-10,2026-10-10 15:40,2026-10-24,14,BOM,DEL,BOM-DEL,AI,Air India,1,8138,INR,0,,21:30,21,23:45,23,False,135,135,0,Airbus A320neo,105.0,102.0
2026-10-10,2026-10-10 15:40,2026-10-24,14,BOM,DEL,BOM-DEL,AI,Air India,1,8332,INR,0,,08:00,8,10:20,10,False,140,140,0,Airbus A320neo,105.0,102.0
2026-10-10,2026-10-10 15:40,2026-10-24,14,BOM,DEL,BOM-DEL,IX,Air India Express,1,8822,INR,0,,14:55,14,17:10,17,False,135,135,0,Airbus A320,120.0,102.0
2026-10-10,2026-10-10 15:40,2026-10-24,14,BOM,DEL,BOM-DEL,IX,Air India Express,1,8822,INR,0,,16:45,16,19:05,19,False,140,140,0,Boeing 737MAX 8 Passenger,106.0,102.0
2026-10-10,2026-10-10 15:40,2026-10-31,21,BOM,DEL,BOM-DEL,QP,Akasa Air,1,7819,INR,0,,20:55,20,23:15,23,False,140,140,0,Boeing 737MAX 8 Passenger,89.0,102.0
2026-10-10,2026-10-10 15:40,2026-10-31,21,BOM,DEL,BOM-DEL,SG,SpiceJet,1,7916,INR,0,,13:05,13,15:20,15,False,135,135,0,Boeing 737,105.0,102.0
2026-10-10,2026-10-10 15:40,2026-10-31,21,BOM,DEL,BOM-DEL,SG,SpiceJet,1,7916,INR,0,,21:50,21,23:55,23,False,125,125,0,Boeing 737,105.0,102.0
2026-10-10,2026-10-10 15:40,2026-10-31,21,BOM,DEL,BOM-DEL,QP,Akasa Air,1,7937,INR,0,,15:05,15,17:25,17,False,140,140,0,Boeing 737MAX 8 Passenger,93.0,102.0
2026-10-10,2026-10-10 15:40,2026-10-31,21,BOM,DEL,BOM-DEL,AI,Air India,1,8027,INR,0,,07:00,7,09:15,9,False,135,135,0,Airbus A320neo,105.0,102.0
2026-10-10,2026-10-10 15:40,2026-10-31,21,BOM,DEL,BOM-DEL,AI,Air India,1,8027,INR,0,,11:15,11,13:35,13,False,140,140,0,Airbus A350,103.0,102.0
2026-10-10,2026-10-10 15:40,2026-10-31,21,BOM,DEL,BOM-DEL,AI,Air India,1,8027,INR,0,,12:10,12,14:35,14,False,145,145,0,Airbus A320neo,105.0,102.0
2026-10-10,2026-10-10 15:40,2026-10-31,21,BOM,DEL,BOM-DEL,AI,Air India,1,8027,INR,0,,13:00,13,15:15,15,False,135,135,0,Airbus A320neo,105.0,102.0
2026-10-10,2026-10-10 15:40,2026-10-31,21,BOM,DEL,BOM-DEL,AI,Air India,1,8027,INR,0,,18:00,18,20:15,20,False,135,135,0,Airbus A320neo,105.0,102.0
2026-10-10,2026-10-10 15:40,2026-10-31,21,BOM,DEL,BOM-DEL,AI,Air India,1,8027,INR,0,,19:00,19,21:15,21,False,135,135,0,Airbus A320neo,105.0,102.0
2026-10-10,2026-10-10 15:40,2026-10-31,21,BOM,DEL,BOM-DEL,AI,Air India,1,8027,INR,0,,19:30,19,21:50,21,False,140,140,0,Airbus A320neo,105.0,102.0
2026-10-10,2026-10-10 15:40,2026-10-31,21,BOM,DEL,BOM-DEL,AI,Air India,1,8027,INR,0,,20:30,20,22:50,22,False,140,140,0,Airbus A320neo,105.0,102.0
2026-10-10,2026-10-10 15:40,2026-10-31,21,BOM,DEL,BOM-DEL,AI,Air India,1,8027,INR,0,,21:00,21,23:15,23,False,135,135,0,Boeing 777,118.0,102.0
2026-10-10,2026-10-10 15:40,2026-10-31,21,BOM,DEL,BOM-DEL,AI,Air India,1,8027,INR,0,,21:30,21,23:45,23,False,135,135,0,Airbus A320neo,105.0,102.0
2026-10-10,2026-10-10 15:40,2026-10-31,21,BOM,DEL,BOM-DEL,AI,Air India,1,8027,INR,0,,22:35,22,00:50,0,True,135,135,0,Airbus A321,133.0,102.0
2026-10-10,2026-10-10 15:40,2026-10-31,21,BOM,DEL,BOM-DEL,AI,Air India,1,8027,INR,0,,23:55,23,02:15,2,True,140,140,0,Airbus A320neo,105.0,102.0
2026-10-10,2026-10-10 15:40,2026-10-31,21,BOM,DEL,BOM-DEL,AI,Air India,1,8090,INR,0,,18:30,18,20:45,20,False,135,135,0,Airbus A321,133.0,102.0
2026-10-10,2026-10-10 15:40,2026-10-31,21,BOM,DEL,BOM-DEL,AI,Air India,1,8222,INR,0,,07:30,7,09:50,9,False,140,140,0,Airbus A320neo,105.0,102.0
2026-10-10,2026-10-10 15:40,2026-10-31,21,BOM,DEL,BOM-DEL,AI,Air India,1,8222,INR,0,,17:30,17,19:45,19,False,135,135,0,Airbus A320neo,105.0,102.0
2026-10-10,2026-10-10 15:40,2026-10-31,21,BOM,DEL,BOM-DEL,QP,Akasa Air,1,8328,INR,0,,13:00,13,15:25,15,False,145,145,0,Boeing 737MAX 8 Passenger,93.0,102.0
2026-10-10,2026-10-10 15:40,2026-10-31,21,BOM,DEL,BOM-DEL,QP,Akasa Air,1,8328,INR,0,,18:35,18,21:00,21,False,145,145,0,Boeing 737MAX 8 Passenger,87.0,102.0
2026-10-10,2026-10-10 15:40,2026-10-31,21,BOM,DEL,BOM-DEL,SG,SpiceJet,1,8364,INR,0,,06:25,6,08:45,8,False,140,140,0,Boeing 737,,102.0
2026-10-10,2026-10-10 15:40,2026-10-31,21,BOM,DEL,BOM-DEL,QP,Akasa Air,1,8431,INR,0,,10:10,10,12:40,12,False,150,150,0,Boeing 737MAX 8 Passenger,89.0,102.0
2026-10-10,2026-10-10 15:40,2026-10-31,21,BOM,DEL,BOM-DEL,AI,Air India,1,8605,INR,0,,09:00,9,11:10,11,False,130,130,0,Airbus A321,133.0,102.0
2026-10-10,2026-10-10 15:40,2026-10-31,21,BOM,DEL,BOM-DEL,AI,Air India,1,9140,INR,0,,08:00,8,10:15,10,False,135,135,0,Airbus A320neo,105.0,102.0
2026-10-10,2026-10-10 15:40,2026-10-31,21,BOM,DEL,BOM-DEL,AI,Air India,1,9917,INR,0,,15:00,15,17:15,17,False,135,135,0,Airbus A320neo,105.0,102.0
2026-10-10,2026-10-10 15:40,2026-10-31,21,BOM,DEL,BOM-DEL,IX,Air India Express,1,10171,INR,0,,17:20,17,19:35,19,False,135,135,0,Boeing 737MAX 8 Passenger,104.0,102.0
2026-10-10,2026-10-10 15:40,2026-10-31,21,BOM,DEL,BOM-DEL,IX,Air India Express,1,11784,INR,0,,05:30,5,07:55,7,False,145,145,0,Boeing 737MAX 8 Passenger,104.0,102.0
2026-10-10,2026-10-10 15:40,2026-11-09,30,BOM,DEL,BOM-DEL,AI,Air India,1,7891,INR,0,,19:00,19,21:20,21,False,140,140,0,Airbus A320neo,103.0,102.0
2026-10-10,2026-10-10 15:40,2026-11-09,30,BOM,DEL,BOM-DEL,AI,Air India,1,7891,INR,0,,20:30,20,22:50,22,False,140,140,0,Airbus A320neo,103.0,102.0
2026-10-10,2026-10-10 15:40,2026-11-09,30,BOM,DEL,BOM-DEL,AI,Air India,1,7891,INR,0,,21:00,21,23:15,23,False,135,135,0,Boeing 777,116.0,102.0
2026-10-10,2026-10-10 15:40,2026-11-09,30,BOM,DEL,BOM-DEL,AI,Air India,1,7891,INR,0,,21:30,21,23:45,23,False,135,135,0,Airbus A320neo,103.0,102.0
2026-10-10,2026-10-10 15:40,2026-11-09,30,BOM,DEL,BOM-DEL,SG,SpiceJet,1,7916,INR,0,,21:50,21,23:55,23,False,125,125,0,Boeing 737,102.0,102.0
2026-10-10,2026-10-10 15:40,2026-11-09,30,BOM,DEL,BOM-DEL,AI,Air India,1,7954,INR,0,,18:30,18,20:45,20,False,135,135,0,Airbus A321,131.0,102.0
2026-10-10,2026-10-10 15:40,2026-11-09,30,BOM,DEL,BOM-DEL,SG,SpiceJet,1,8364,INR,0,,23:20,23,01:40,1,True,140,140,0,Boeing 737,102.0,102.0
2026-10-10,2026-10-10 15:40,2026-11-09,30,BOM,DEL,BOM-DEL,AI,Air India,1,8663,INR,0,,14:35,14,16:55,16,False,140,140,0,Airbus A320neo,103.0,102.0
2026-10-10,2026-10-10 15:40,2026-11-09,30,BOM,DEL,BOM-DEL,AI,Air India,1,8663,INR,0,,15:00,15,17:15,17,False,135,135,0,Airbus A320neo,103.0,102.0
2026-10-10,2026-10-10 15:40,2026-11-09,30,BOM,DEL,BOM-DEL,AI,Air India,1,8663,INR,0,,15:30,15,17:50,17,False,140,140,0,Airbus A321,131.0,102.0
2026-10-10,2026-10-10 15:40,2026-11-09,30,BOM,DEL,BOM-DEL,AI,Air India,1,8663,INR,0,,22:35,22,00:50,0,True,135,135,0,Airbus A321,131.0,102.0
2026-10-10,2026-10-10 15:40,2026-11-09,30,BOM,DEL,BOM-DEL,AI,Air India,1,8663,INR,0,,23:55,23,02:15,2,True,140,140,0,Airbus A320neo,103.0,102.0
2026-10-10,2026-10-10 15:40,2026-11-09,30,BOM,DEL,BOM-DEL,QP,Akasa Air,1,8829,INR,0,,18:35,18,21:00,21,False,145,145,0,Boeing 737MAX 8 Passenger,85.0,102.0
2026-10-10,2026-10-10 15:40,2026-11-09,30,BOM,DEL,BOM-DEL,AI,Air India,1,8878,INR,0,,17:30,17,19:45,19,False,135,135,0,Airbus A320neo,103.0,102.0
2026-10-10,2026-10-10 15:40,2026-11-09,30,BOM,DEL,BOM-DEL,QP,Akasa Air,1,9250,INR,0,,15:05,15,17:25,17,False,140,140,0,Boeing 737MAX 8 Passenger,90.0,102.0
2026-10-10,2026-10-10 15:40,2026-11-09,30,BOM,DEL,BOM-DEL,AI,Air India,1,9361,INR,0,,11:15,11,13:35,13,False,140,140,0,Airbus A350,101.0,102.0
2026-10-10,2026-10-10 15:40,2026-11-09,30,BOM,DEL,BOM-DEL,AI,Air India,1,9361,INR,0,,13:00,13,15:15,15,False,135,135,0,Airbus A320neo,103.0,102.0
2026-10-10,2026-10-10 15:40,2026-11-09,30,BOM,DEL,BOM-DEL,QP,Akasa Air,1,9397,INR,0,,10:10,10,12:40,12,False,150,150,0,Boeing 737MAX 8 Passenger,87.0,102.0
2026-10-10,2026-10-10 15:40,2026-11-09,30,BOM,DEL,BOM-DEL,QP,Akasa Air,1,9698,INR,0,,13:00,13,15:25,15,False,145,145,0,Boeing 737MAX 8 Passenger,90.0,102.0
2026-10-10,2026-10-10 15:40,2026-11-09,30,BOM,DEL,BOM-DEL,SG,SpiceJet,1,10040,INR,0,,06:25,6,08:45,8,False,140,140,0,Boeing 737,102.0,102.0
2026-10-10,2026-10-10 15:40,2026-11-09,30,BOM,DEL,BOM-DEL,SG,SpiceJet,1,10040,INR,0,,08:45,8,11:05,11,False,140,140,0,Boeing 737,102.0,102.0
2026-10-10,2026-10-10 15:40,2026-11-09,30,BOM,DEL,BOM-DEL,AI,Air India,1,10316,INR,0,,01:10,1,03:30,3,False,140,140,0,Airbus A320neo,103.0,102.0
2026-10-10,2026-10-10 15:40,2026-11-09,30,BOM,DEL,BOM-DEL,AI,Air India,1,10316,INR,0,,08:30,8,10:45,10,False,135,135,0,Airbus A320neo,103.0,102.0
2026-10-10,2026-10-10 15:40,2026-11-09,30,BOM,DEL,BOM-DEL,AI,Air India,1,10316,INR,0,,09:00,9,11:10,11,False,130,130,0,Airbus A321,131.0,102.0
2026-10-10,2026-10-10 15:40,2026-11-09,30,BOM,DEL,BOM-DEL,AI,Air India,1,10579,INR,0,,08:00,8,10:15,10,False,135,135,0,Airbus A320neo,103.0,102.0
2026-10-10,2026-10-10 15:40,2026-11-09,30,BOM,DEL,BOM-DEL,AI,Air India,1,10579,INR,0,,09:30,9,11:45,11,False,135,135,0,Airbus A320neo,103.0,102.0
2026-10-10,2026-10-10 15:40,2026-11-09,30,BOM,DEL,BOM-DEL,IX,Air India Express,1,10907,INR,0,,05:30,5,07:55,7,False,145,145,0,Boeing 737MAX 8 Passenger,101.0,102.0
2026-10-10,2026-10-10 15:40,2026-11-09,30,BOM,DEL,BOM-DEL,IX,Air India Express,1,10907,INR,0,,17:20,17,19:35,19,False,135,135,0,Boeing 737MAX 8 Passenger,101.0,102.0
2026-10-10,2026-10-10 15:40,2026-11-09,30,BOM,DEL,BOM-DEL,QP,Akasa Air,1,11032,INR,0,,07:00,7,09:25,9,False,145,145,0,Boeing 737MAX 8 Passenger,87.0,102.0
2026-10-10,2026-10-10 15:40,2026-11-09,30,BOM,DEL,BOM-DEL,AI,Air India,1,13235,INR,0,,06:30,6,08:45,8,False,135,135,0,Airbus A320neo,103.0,102.0
2026-10-10,2026-10-10 15:40,2026-11-09,30,BOM,DEL,BOM-DEL,AI,Air India,1,13818,INR,0,,07:00,7,09:15,9,False,135,135,0,Airbus A320neo,103.0,102.0
2026-10-10,2026-10-10 15:40,2026-11-09,30,BOM,DEL,BOM-DEL,AI,Air India,1,16931,INR,0,,16:30,16,18:50,18,False,140,140,0,Airbus A321,131.0,102.0
2026-10-10,2026-10-10 15:40,2026-11-24,45,BOM,DEL,BOM-DEL,QP,Akasa Air,1,7370,INR,0,,10:10,10,12:40,12,False,150,150,0,Boeing 737MAX 8 Passenger,87.0,102.0
2026-10-10,2026-10-10 15:40,2026-11-24,45,BOM,DEL,BOM-DEL,QP,Akasa Air,1,7370,INR,0,,13:00,13,15:25,15,False,145,145,0,Boeing 737MAX 8 Passenger,90.0,102.0
2026-10-10,2026-10-10 15:40,2026-11-24,45,BOM,DEL,BOM-DEL,QP,Akasa Air,1,7370,INR,0,,15:05,15,17:25,17,False,140,140,0,Boeing 737MAX 8 Passenger,90.0,102.0
2026-10-10,2026-10-10 15:40,2026-11-24,45,BOM,DEL,BOM-DEL,QP,Akasa Air,1,7370,INR,0,,16:45,16,19:10,19,False,145,145,0,Boeing 737MAX 8 Passenger,87.0,102.0
2026-10-10,2026-10-10 15:40,2026-11-24,45,BOM,DEL,BOM-DEL,AI,Air India,1,7418,INR,0,,11:15,11,13:35,13,False,140,140,0,Airbus A350,101.0,102.0
2026-10-10,2026-10-10 15:40,2026-11-24,45,BOM,DEL,BOM-DEL,AI,Air India,1,7418,INR,0,,12:10,12,14:35,14,False,145,145,0,Airbus A320neo,103.0,102.0
2026-10-10,2026-10-10 15:40,2026-11-24,45,BOM,DEL,BOM-DEL,AI,Air India,1,7418,INR,0,,13:30,13,15:45,15,False,135,135,0,Boeing 787,91.0,102.0
2026-10-10,2026-10-10 15:40,2026-11-24,45,BOM,DEL,BOM-DEL,AI,Air India,1,7418,INR,0,,15:00,15,17:15,17,False,135,135,0,Airbus A320neo,103.0,102.0
2026-10-10,2026-10-10 15:40,2026-11-24,45,BOM,DEL,BOM-DEL,AI,Air India,1,7418,INR,0,,15:30,15,17:45,17,False,135,135,0,Boeing 787,101.0,102.0
2026-10-10,2026-10-10 15:40,2026-11-24,45,BOM,DEL,BOM-DEL,AI,Air India,1,7418,INR,0,,16:30,16,18:50,18,False,140,140,0,Airbus A321,131.0,102.0
2026-10-10,2026-10-10 15:40,2026-11-24,45,BOM,DEL,BOM-DEL,AI,Air India,1,7418,INR,0,,18:00,18,20:15,20,False,135,135,0,Airbus A320neo,103.0,102.0
2026-10-10,2026-10-10 15:40,2026-11-24,45,BOM,DEL,BOM-DEL,AI,Air India,1,7418,INR,0,,19:00,19,21:15,21,False,135,135,0,Airbus A320neo,103.0,102.0
2026-10-10,2026-10-10 15:40,2026-11-24,45,BOM,DEL,BOM-DEL,AI,Air India,1,7418,INR,0,,19:30,19,21:50,21,False,140,140,0,Airbus A320neo,103.0,102.0
2026-10-10,2026-10-10 15:40,2026-11-24,45,BOM,DEL,BOM-DEL,AI,Air India,1,7418,INR,0,,20:30,20,22:50,22,False,140,140,0,Airbus A320neo,103.0,102.0
2026-10-10,2026-10-10 15:40,2026-11-24,45,BOM,DEL,BOM-DEL,AI,Air India,1,7418,INR,0,,21:00,21,23:15,23,False,135,135,0,Boeing 777,116.0,102.0
2026-10-10,2026-10-10 15:40,2026-11-24,45,BOM,DEL,BOM-DEL,AI,Air India,1,7418,INR,0,,21:30,21,23:45,23,False,135,135,0,Airbus A320neo,103.0,102.0
2026-10-10,2026-10-10 15:40,2026-11-24,45,BOM,DEL,BOM-DEL,AI,Air India,1,7418,INR,0,,22:35,22,00:50,0,True,135,135,0,Airbus A321,131.0,102.0
2026-10-10,2026-10-10 15:40,2026-11-24,45,BOM,DEL,BOM-DEL,AI,Air India,1,7418,INR,0,,23:55,23,02:15,2,True,140,140,0,Airbus A320neo,103.0,102.0
2026-10-10,2026-10-10 15:40,2026-11-24,45,BOM,DEL,BOM-DEL,QP,Akasa Air,1,7480,INR,0,,18:35,18,21:00,21,False,145,145,0,Boeing 737MAX 8 Passenger,85.0,102.0
2026-10-10,2026-10-10 15:40,2026-11-24,45,BOM,DEL,BOM-DEL,SG,SpiceJet,1,7538,INR,0,,06:25,6,08:45,8,False,140,140,0,Boeing 737,102.0,102.0
2026-10-10,2026-10-10 15:40,2026-11-24,45,BOM,DEL,BOM-DEL,SG,SpiceJet,1,7538,INR,0,,20:30,20,22:45,22,False,135,135,0,Boeing 737,102.0,102.0
2026-10-10,2026-10-10 15:40,2026-11-24,45,BOM,DEL,BOM-DEL,SG,SpiceJet,1,7538,INR,0,,21:50,21,23:55,23,False,125,125,0,Boeing 737,102.0,102.0
2026-10-10,2026-10-10 15:40,2026-11-24,45,BOM,DEL,BOM-DEL,SG,SpiceJet,1,7538,INR,0,,23:20,23,01:40,1,True,140,140,0,Boeing 737,102.0,102.0
2026-10-10,2026-10-10 15:40,2026-11-24,45,BOM,DEL,BOM-DEL,SG,SpiceJet,1,7538,INR,0,,23:30,23,02:15,2,True,165,165,0,Boeing 737,102.0,102.0
2026-10-10,2026-10-10 15:40,2026-11-24,45,BOM,DEL,BOM-DEL,AI,Air India,1,7597,INR,0,,08:00,8,10:15,10,False,135,135,0,Airbus A320neo,103.0,102.0
2026-10-10,2026-10-10 15:40,2026-11-24,45,BOM,DEL,BOM-DEL,AI,Air India,1,7597,INR,0,,08:30,8,10:45,10,False,135,135,0,Airbus A320neo,103.0,102.0
2026-10-10,2026-10-10 15:40,2026-11-24,45,BOM,DEL,BOM-DEL,AI,Air India,1,7597,INR,0,,17:30,17,19:45,19,False,135,135,0,Airbus A320neo,103.0,102.0
2026-10-10,2026-10-10 15:40,2026-11-24,45,BOM,DEL,BOM-DEL,AI,Air India,1,7655,INR,0,,20:00,20,22:15,22,False,135,135,0,Airbus A320neo,103.0,102.0
2026-10-10,2026-10-10 15:40,2026-11-24,45,BOM,DEL,BOM-DEL,AI,Air India,1,7712,INR,0,,07:00,7,09:15,9,False,135,135,0,Airbus A320neo,103.0,102.0
2026-10-10,2026-10-10 15:40,2026-11-24,45,BOM,DEL,BOM-DEL,AI,Air India,1,7828,INR,0,,18:30,18,20:45,20,False,135,135,0,Airbus A321,131.0,102.0
2026-10-10,2026-10-10 15:40,2026-11-24,45,BOM,DEL,BOM-DEL,QP,Akasa Air,1,8179,INR,0,,07:00,7,09:25,9,False,145,145,0,Boeing 737MAX 8 Passenger,87.0,102.0
2026-10-10,2026-10-10 15:40,2026-11-24,45,BOM,DEL,BOM-DEL,AI,Air India,1,8269,INR,0,,09:00,9,11:10,11,False,130,130,0,Airbus A321,131.0,102.0
2026-10-10,2026-10-10 15:40,2026-11-24,45,BOM,DEL,BOM-DEL,IX,Air India Express,1,8318,INR,0,,17:20,17,19:35,19,False,135,135,0,Boeing 737MAX 8 Passenger,101.0,102.0
2026-10-10,2026-10-10 15:40,2026-11-24,45,BOM,DEL,BOM-DEL,IX,Air India Express,1,8822,INR,0,,05:30,5,07:55,7,False,145,145,0,Boeing 737MAX 8 Passenger,101.0,102.0
2026-10-10,2026-10-10 15:40,2026-11-24,45,BOM,DEL,BOM-DEL,AI,Air India,1,10579,INR,0,,09:30,9,11:45,11,False,135,135,0,Airbus A320neo,103.0,102.0
2026-10-10,2026-10-10 15:40,2026-12-09,60,BOM,DEL,BOM-DEL,IX,Air India Express,1,6968,INR,0,,05:30,5,07:55,7,False,145,145,0,Boeing 737MAX 8 Passenger,98.0,102.0
2026-10-10,2026-10-10 15:40,2026-12-09,60,BOM,DEL,BOM-DEL,QP,Akasa Air,1,7157,INR,0,,10:10,10,12:40,12,False,150,150,0,Boeing 737MAX 8 Passenger,85.0,102.0
2026-10-10,2026-10-10 15:40,2026-12-09,60,BOM,DEL,BOM-DEL,QP,Akasa Air,1,7157,INR,0,,15:05,15,17:25,17,False,140,140,0,Boeing 737MAX 8 Passenger,89.0,102.0
2026-10-10,2026-10-10 15:40,2026-12-09,60,BOM,DEL,BOM-DEL,AI,Air India,1,7418,INR,0,,01:10,1,03:30,3,False,140,140,0,Airbus A320neo,100.0,102.0
2026-10-10,2026-10-10 15:40,2026-12-09,60,BOM,DEL,BOM-DEL,AI,Air India,1,7418,INR,0,,06:30,6,08:45,8,False,135,135,0,Airbus A320neo,100.0,102.0
2026-10-10,2026-10-10 15:40,2026-12-09,60,BOM,DEL,BOM-DEL,AI,Air India,1,7418,INR,0,,07:00,7,09:15,9,False,135,135,0,Airbus A320neo,100.0,102.0
2026-10-10,2026-10-10 15:40,2026-12-09,60,BOM,DEL,BOM-DEL,AI,Air India,1,7418,INR,0,,11:15,11,13:35,13,False,140,140,0,Airbus A350,98.0,102.0
2026-10-10,2026-10-10 15:40,2026-12-09,60,BOM,DEL,BOM-DEL,AI,Air India,1,7418,INR,0,,12:10,12,14:35,14,False,145,145,0,Airbus A320neo,100.0,102.0
2026-10-10,2026-10-10 15:40,2026-12-09,60,BOM,DEL,BOM-DEL,AI,Air India,1,7418,INR,0,,15:00,15,17:15,17,False,135,135,0,Airbus A320neo,100.0,102.0
2026-10-10,2026-10-10 15:40,2026-12-09,60,BOM,DEL,BOM-DEL,AI,Air India,1,7418,INR,0,,15:30,15,17:50,17,False,140,140,0,Airbus A321,127.0,102.0
2026-10-10,2026-10-10 15:40,2026-12-09,60,BOM,DEL,BOM-DEL,AI,Air India,1,7418,INR,0,,19:00,19,21:15,21,False,135,135,0,Airbus A320neo,100.0,102.0
2026-10-10,2026-10-10 15:40,2026-12-09,60,BOM,DEL,BOM-DEL,AI,Air India,1,7418,INR,0,,20:30,20,22:50,22,False,140,140,0,Airbus A320neo,100.0,102.0
2026-10-10,2026-10-10 15:40,2026-12-09,60,BOM,DEL,BOM-DEL,AI,Air India,1,7418,INR,0,,21:00,21,23:15,23,False,135,135,0,Boeing 777,112.0,102.0
2026-10-10,2026-10-10 15:40,2026-12-09,60,BOM,DEL,BOM-DEL,AI,Air India,1,7418,INR,0,,21:30,21,23:45,23,False,135,135,0,Airbus A320neo,100.0,102.0
2026-10-10,2026-10-10 15:40,2026-12-09,60,BOM,DEL,BOM-DEL,AI,Air India,1,7418,INR,0,,22:35,22,00:50,0,True,135,135,0,Airbus A321,127.0,102.0
2026-10-10,2026-10-10 15:40,2026-12-09,60,BOM,DEL,BOM-DEL,QP,Akasa Air,1,7480,INR,0,,20:55,20,23:15,23,False,140,140,0,Boeing 737MAX 8 Passenger,85.0,102.0
2026-10-10,2026-10-10 15:40,2026-12-09,60,BOM,DEL,BOM-DEL,SG,SpiceJet,1,7538,INR,0,,06:25,6,08:45,8,False,140,140,0,Boeing 737,101.0,102.0
2026-10-10,2026-10-10 15:40,2026-12-09,60,BOM,DEL,BOM-DEL,SG,SpiceJet,1,7538,INR,0,,08:45,8,11:05,11,False,140,140,0,Boeing 737,101.0,102.0
2026-10-10,2026-10-10 15:40,2026-12-09,60,BOM,DEL,BOM-DEL,SG,SpiceJet,1,7538,INR,0,,20:30,20,22:45,22,False,135,135,0,Boeing 737,101.0,102.0
2026-10-10,2026-10-10 15:40,2026-12-09,60,BOM,DEL,BOM-DEL,SG,SpiceJet,1,7538,INR,0,,21:50,21,23:55,23,False,125,125,0,Boeing 737,101.0,102.0
2026-10-10,2026-10-10 15:40,2026-12-09,60,BOM,DEL,BOM-DEL,SG,SpiceJet,1,7538,INR,0,,23:20,23,01:40,1,True,140,140,0,Boeing 737,101.0,102.0
2026-10-10,2026-10-10 15:40,2026-12-09,60,BOM,DEL,BOM-DEL,SG,SpiceJet,1,7538,INR,0,,23:30,23,02:15,2,True,165,165,0,Boeing 737,101.0,102.0
2026-10-10,2026-10-10 15:40,2026-12-09,60,BOM,DEL,BOM-DEL,AI,Air India,1,7571,INR,0,,23:55,23,02:15,2,True,140,140,0,Airbus A320neo,100.0,102.0
2026-10-10,2026-10-10 15:40,2026-12-09,60,BOM,DEL,BOM-DEL,QP,Akasa Air,1,7591,INR,0,,18:35,18,21:00,21,False,145,145,0,Boeing 737MAX 8 Passenger,84.0,102.0
2026-10-10,2026-10-10 15:40,2026-12-09,60,BOM,DEL,BOM-DEL,AI,Air India,1,7597,INR,0,,08:00,8,10:15,10,False,135,135,0,Airbus A320neo,100.0,102.0
2026-10-10,2026-10-10 15:40,2026-12-09,60,BOM,DEL,BOM-DEL,AI,Air India,1,7597,INR,0,,08:30,8,10:45,10,False,135,135,0,Airbus A320neo,100.0,102.0
2026-10-10,2026-10-10 15:40,2026-12-09,60,BOM,DEL,BOM-DEL,AI,Air India,1,7597,INR,0,,16:30,16,18:50,18,False,140,140,0,Airbus A321,127.0,102.0
2026-10-10,2026-10-10 15:40,2026-12-09,60,BOM,DEL,BOM-DEL,AI,Air India,1,7597,INR,0,,17:30,17,19:45,19,False,135,135,0,Airbus A320neo,100.0,102.0
2026-10-10,2026-10-10 15:40,2026-12-09,60,BOM,DEL,BOM-DEL,AI,Air India,1,7597,INR,0,,19:30,19,21:50,21,False,140,140,0,Airbus A320neo,100.0,102.0
2026-10-10,2026-10-10 15:40,2026-12-09,60,BOM,DEL,BOM-DEL,AI,Air India,1,7655,INR,0,,20:00,20,22:15,22,False,135,135,0,Airbus A320neo,100.0,102.0
2026-10-10,2026-10-10 15:40,2026-12-09,60,BOM,DEL,BOM-DEL,QP,Akasa Air,1,7703,INR,0,,07:00,7,09:25,9,False,145,145,0,Boeing 737MAX 8 Passenger,85.0,102.0
2026-10-10,2026-10-10 15:40,2026-12-09,60,BOM,DEL,BOM-DEL,AI,Air India,1,7770,INR,0,,18:00,18,20:15,20,False,135,135,0,Airbus A320neo,100.0,102.0
2026-10-10,2026-10-10 15:40,2026-12-09,60,BOM,DEL,BOM-DEL,AI,Air India,1,7828,INR,0,,18:30,18,20:45,20,False,135,135,0,Airbus A321,127.0,102.0
2026-10-10,2026-10-10 15:40,2026-12-09,60,BOM,DEL,BOM-DEL,AI,Air India,1,8663,INR,0,,09:00,9,11:10,11,False,130,130,0,Airbus A321,127.0,102.0
2026-10-10,2026-10-10 15:40,2026-12-09,60,BOM,DEL,BOM-DEL,AI,Air India,1,9592,INR,0,,09:30,9,11:45,11,False,135,135,0,Airbus A320neo,100.0,102.0
2026-10-10,2026-10-10 15:40,2026-10-11,1,BLR,DEL,BLR-DEL,6E,IndiGo,1,13212,INR,1,NAG,17:15,17,23:00,23,False,345,205,140,Airbus A320neo | Airbus A320neo,147.0,120.0
2026-10-10,2026-10-10 15:40,2026-10-11,1,BLR,DEL,BLR-DEL,6E,IndiGo,1,15082,INR,1,HYD,18:35,18,23:25,23,False,290,215,75,Airbus A321neo | Airbus A321neo,143.0,120.0
2026-10-10,2026-10-10 15:40,2026-10-11,1,BLR,DEL,BLR-DEL,6E,IndiGo,1,15087,INR,1,NAG,15:35,15,20:30,20,False,295,210,85,Airbus A321neo | Airbus A320neo,142.0,120.0
2026-10-10,2026-10-10 15:40,2026-10-11,1,BLR,DEL,BLR-DEL,6E,IndiGo,1,15319,INR,1,AMD,01:10,1,06:45,6,False,335,235,100,Airbus A320neo | Airbus A321neo,160.0,120.0
2026-10-10,2026-10-10 15:40,2026-10-11,1,BLR,DEL,BLR-DEL,6E,IndiGo,1,15319,INR,1,BHO,17:15,17,22:15,22,False,300,205,95,Airbus A320neo | Airbus A320neo,149.0,120.0
2026-10-10,2026-10-10 15:40,2026-10-11,1,BLR,DEL,BLR-DEL,QP,Akasa Air,1,17426,INR,0,,05:00,5,07:50,7,False,170,170,0,Boeing 737MAX 8 Passenger,124.0,120.0
2026-10-10,2026-10-10 15:40,2026-10-11,1,BLR,DEL,BLR-DEL,QP,Akasa Air,1,17426,INR,0,,06:05,6,08:50,8,False,165,165,0,Boeing 737MAX 8 Passenger,119.0,120.0
2026-10-10,2026-10-10 15:40,2026-10-11,1,BLR,DEL,BLR-DEL,AI,Air India,1,18376,INR,0,,00:15,0,03:10,3,False,175,175,0,Airbus A320neo,142.0,120.0
2026-10-10,2026-10-10 15:40,2026-10-11,1,BLR,DEL,BLR-DEL,AI,Air India,1,18376,INR,0,,05:30,5,08:25,8,False,175,175,0,Airbus A320neo,142.0,120.0
2026-10-10,2026-10-10 15:40,2026-10-11,1,BLR,DEL,BLR-DEL,AI,Air India,1,18376,INR,0,,06:00,6,08:45,8,False,165,165,0,Airbus A320neo,142.0,120.0
2026-10-10,2026-10-10 15:40,2026-10-11,1,BLR,DEL,BLR-DEL,AI,Air India,1,18376,INR,0,,07:00,7,10:00,10,False,180,180,0,Airbus A320neo,142.0,120.0
2026-10-10,2026-10-10 15:40,2026-10-11,1,BLR,DEL,BLR-DEL,AI,Air India,1,18376,INR,0,,22:00,22,00:55,0,True,175,175,0,Airbus A320neo,142.0,120.0
2026-10-10,2026-10-10 15:40,2026-10-11,1,BLR,DEL,BLR-DEL,QP,Akasa Air,1,20986,INR,0,,13:05,13,16:00,16,False,175,175,0,Boeing 737MAX 8 Passenger,119.0,120.0
2026-10-10,2026-10-10 15:40,2026-10-11,1,BLR,DEL,BLR-DEL,AI,Air India,1,21284,INR,0,,17:25,17,20:30,20,False,185,185,0,Airbus A320neo,142.0,120.0
2026-10-10,2026-10-10 15:40,2026-10-11,1,BLR,DEL,BLR-DEL,AI,Air India,1,21284,INR,0,,18:20,18,21:10,21,False,170,170,0,Airbus A320neo,142.0,120.0
2026-10-10,2026-10-10 15:40,2026-10-11,1,BLR,DEL,BLR-DEL,AI,Air India,1,21284,INR,0,,19:40,19,22:35,22,False,175,175,0,Airbus A320neo,142.0,120.0
2026-10-10,2026-10-10 15:40,2026-10-11,1,BLR,DEL,BLR-DEL,AI,Air India,1,25153,INR,0,,10:00,10,13:00,13,False,180,180,0,Airbus A320neo,142.0,120.0
2026-10-10,2026-10-10 15:40,2026-10-11,1,BLR,DEL,BLR-DEL,AI,Air India,1,25153,INR,0,,11:00,11,14:00,14,False,180,180,0,Airbus A320neo,142.0,120.0
2026-10-10,2026-10-10 15:40,2026-10-11,1,BLR,DEL,BLR-DEL,AI,Air India,1,25153,INR,0,,16:30,16,19:25,19,False,175,175,0,Airbus A320neo,142.0,120.0
2026-10-10,2026-10-10 15:40,2026-10-11,1,BLR,DEL,BLR-DEL,AI,Air India,1,25153,INR,0,,20:00,20,22:45,22,False,165,165,0,Airbus A320neo,142.0,120.0
2026-10-10,2026-10-10 15:40,2026-10-11,1,BLR,DEL,BLR-DEL,AI,Air India,1,73752,INR,0,,15:30,15,18:05,18,False,155,155,0,Boeing 787,570.0,120.0
2026-10-10,2026-10-10 15:40,2026-10-13,3,BLR,DEL,BLR-DEL,6E,IndiGo,1,11952,INR,1,JAI,18:20,18,23:25,23,False,305,210,95,Airbus A321neo | Airbus A321neo,141.0,120.0
2026-10-10,2026-10-10 15:40,2026-10-13,3,BLR,DEL,BLR-DEL,IX,Air India Express,1,12068,INR,1,STV,16:10,16,23:45,23,False,455,235,220,Boeing 737 | Boeing 737MAX 8 Passenger,207.0,120.0
2026-10-10,2026-10-10 15:40,2026-10-13,3,BLR,DEL,BLR-DEL,AI,Air India,1,12265,INR,0,,00:15,0,03:10,3,False,175,175,0,Airbus A320neo,142.0,120.0
2026-10-10,2026-10-10 15:40,2026-10-13,3,BLR,DEL,BLR-DEL,QP,Akasa Air,1,12696,INR,0,,06:05,6,08:50,8,False,165,165,0,Boeing 737MAX 8 Passenger,124.0,120.0
2026-10-10,2026-10-10 15:40,2026-10-13,3,BLR,DEL,BLR-DEL,AI,Air India,1,12958,INR,0,,16:30,16,19:25,19,False,175,175,0,Airbus A320neo,142.0,120.0
2026-10-10,2026-10-10 15:40,2026-10-13,3,BLR,DEL,BLR-DEL,AI,Air India,1,13698,INR,0,,06:00,6,08:45,8,False,165,165,0,Airbus A320neo,142.0,120.0
2026-10-10,2026-10-10 15:40,2026-10-13,3,BLR,DEL,BLR-DEL,AI,Air India,1,13698,INR,0,,14:00,14,16:45,16,False,165,165,0,Airbus A320neo,142.0,120.0
2026-10-10,2026-10-10 15:40,2026-10-13,3,BLR,DEL,BLR-DEL,AI,Air India,1,13698,INR,0,,15:30,15,18:15,18,False,165,165,0,Boeing 787,142.0,120.0
2026-10-10,2026-10-10 15:40,2026-10-13,3,BLR,DEL,BLR-DEL,AI,Air India,1,13698,INR,0,,19:40,19,22:35,22,False,175,175,0,Airbus A320neo,142.0,120.0
2026-10-10,2026-10-10 15:40,2026-10-13,3,BLR,DEL,BLR-DEL,AI,Air India,1,13698,INR,0,,22:30,22,01:25,1,True,175,175,0,Airbus A320neo,142.0,120.0
2026-10-10,2026-10-10 15:40,2026-10-13,3,BLR,DEL,BLR-DEL,AI,Air India,1,16003,INR,0,,07:00,7,10:00,10,False,180,180,0,Airbus A320neo,142.0,120.0
2026-10-10,2026-10-10 15:40,2026-10-13,3,BLR,DEL,BLR-DEL,AI,Air India,1,16003,INR,0,,11:00,11,14:00,14,False,180,180,0,Airbus A320neo,142.0,120.0
2026-10-10,2026-10-10 15:40,2026-10-13,3,BLR,DEL,BLR-DEL,AI,Air India,1,16003,INR,0,,17:25,17,20:30,20,False,185,185,0,Airbus A320neo,142.0,120.0
2026-10-10,2026-10-10 15:40,2026-10-13,3,BLR,DEL,BLR-DEL,AI,Air India,1,16003,INR,0,,18:20,18,21:10,21,False,170,170,0,Airbus A320neo,142.0,120.0
2026-10-10,2026-10-10 15:40,2026-10-13,3,BLR,DEL,BLR-DEL,IX,Air India Express,1,16048,INR,0,,01:15,1,04:10,4,False,175,175,0,Airbus A320neo,134.0,120.0
2026-10-10,2026-10-10 15:40,2026-10-13,3,BLR,DEL,BLR-DEL,AI,Air India,1,16270,INR,0,,20:00,20,22:45,22,False,165,165,0,Airbus A320neo,142.0,120.0
2026-10-10,2026-10-10 15:40,2026-10-13,3,BLR,DEL,BLR-DEL,AI,Air India,1,18376,INR,0,,10:00,10,13:00,13,False,180,180,0,Airbus A320neo,142.0,120.0
2026-10-10,2026-10-10 15:40,2026-10-13,3,BLR,DEL,BLR-DEL,AI,Air India,1,21284,INR,0,,22:00,22,00:55,0,True,175,175,0,Airbus A320neo,142.0,120.0
2026-10-10,2026-10-10 15:40,2026-10-13,3,BLR,DEL,BLR-DEL,IX,Air India Express,1,21432,INR,0,,17:35,17,20:25,20,False,170,170,0,Boeing 737MAX 8 Passenger,142.0,120.0
2026-10-10,2026-10-10 15:40,2026-10-13,3,BLR,DEL,BLR-DEL,IX,Air India Express,1,24103,INR,0,,06:40,6,09:25,9,False,165,165,0,Boeing 737MAX 8 Passenger,142.0,120.0
2026-10-10,2026-10-10 15:40,2026-10-17,7,BLR,DEL,BLR-DEL,6E,IndiGo,1,13208,INR,1,AMD,01:10,1,06:45,6,False,335,235,100,Airbus A320neo | Airbus A321neo,160.0,120.0
2026-10-10,2026-10-10 15:40,2026-10-17,7,BLR,DEL,BLR-DEL,6E,IndiGo,1,13208,INR,1,AMD,13:55,13,18:50,18,False,295,230,65,Airbus A321neo | Airbus A321neo,155.0,120.0
2026-10-10,2026-10-10 15:40,2026-10-17,7,BLR,DEL,BLR-DEL,6E,IndiGo,1,13208,INR,1,BHO,17:15,17,22:15,22,False,300,205,95,Airbus A321neo | Airbus A320neo,144.0,120.0
2026-10-10,2026-10-10 15:40,2026-10-17,7,BLR,DEL,BLR-DEL,6E,IndiGo,1,13208,INR,1,PNQ,20:40,20,02:30,2,True,350,220,130,Airbus A320neo | Airbus A321neo,159.0,120.0
2026-10-10,2026-10-10 15:40,2026-10-17,7,BLR,DEL,BLR-DEL,6E,IndiGo,1,13234,INR,1,JAI,18:20,18,23:25,23,False,305,210,95,Airbus A321neo | Airbus A321neo,141.0,120.0
2026-10-10,2026-10-10 15:40,2026-10-17,7,BLR,DEL,BLR-DEL,6E,IndiGo,1,13234,INR,1,IXE,18:50,18,23:45,23,False,295,220,75,Airbus A320neo | Airbus A320,197.0,120.0
2026-10-10,2026-10-10 15:40,2026-10-17,7,BLR,DEL,BLR-DEL,6E,IndiGo,1,13242,INR,1,NAG,15:35,15,20:30,20,False,295,210,85,Airbus A321neo | Airbus A320neo,142.0,120.0
2026-10-10,2026-10-10 15:40,2026-10-17,7,BLR,DEL,BLR-DEL,AI,Air India,1,14191,INR,0,,22:00,22,00:55,0,True,175,175,0,Airbus A320neo,142.0,120.0
2026-10-10,2026-10-10 15:40,2026-10-17,7,BLR,DEL,BLR-DEL,AI,Air India,1,14422,INR,0,,20:00,20,22:45,22,False,165,165,0,Airbus A320neo,142.0,120.0
2026-10-10,2026-10-10 15:40,2026-10-17,7,BLR,DEL,BLR-DEL,AI,Air India,1,16003,INR,0,,17:25,17,20:30,20,False,185,185,0,Airbus A320neo,142.0,120.0
2026-10-10,2026-10-10 15:40,2026-10-17,7,BLR,DEL,BLR-DEL,AI,Air India,1,16003,INR,0,,19:40,19,22:35,22,False,175,175,0,Airbus A321,179.0,120.0
2026-10-10,2026-10-10 15:40,2026-10-17,7,BLR,DEL,BLR-DEL,QP,Akasa Air,1,16277,INR,0,,04:10,4,07:00,7,False,170,170,0,Boeing 737MAX 8 Passenger,124.0,120.0
2026-10-10,2026-10-10 15:40,2026-10-17,7,BLR,DEL,BLR-DEL,AI,Air India,1,16407,INR,0,,16:30,16,19:25,19,False,175,175,0,Airbus A320neo,142.0,120.0
2026-10-10,2026-10-10 15:40,2026-10-17,7,BLR,DEL,BLR-DEL,AI,Air India,1,16407,INR,0,,18:20,18,21:10,21,False,170,170,0,Airbus A320neo,142.0,120.0
2026-10-10,2026-10-10 15:40,2026-10-17,7,BLR,DEL,BLR-DEL,IX,Air India Express,1,16560,INR,0,,06:40,6,09:25,9,False,165,165,0,Boeing 737MAX 8 Passenger,142.0,120.0
2026-10-10,2026-10-10 15:40,2026-10-17,7,BLR,DEL,BLR-DEL,IX,Air India Express,1,16560,INR,0,,17:35,17,20:25,20,False,170,170,0,Boeing 737MAX 8 Passenger,142.0,120.0
2026-10-10,2026-10-10 15:40,2026-10-17,7,BLR,DEL,BLR-DEL,QP,Akasa Air,1,17727,INR,0,,05:00,5,07:50,7,False,170,170,0,Boeing 737MAX 8 Passenger,124.0,120.0
2026-10-10,2026-10-10 15:40,2026-10-17,7,BLR,DEL,BLR-DEL,QP,Akasa Air,1,18036,INR,0,,13:05,13,16:00,16,False,175,175,0,Boeing 737MAX 8 Passenger,119.0,120.0
2026-10-10,2026-10-10 15:40,2026-10-17,7,BLR,DEL,BLR-DEL,QP,Akasa Air,1,18349,INR,0,,06:05,6,08:50,8,False,165,165,0,Boeing 737MAX 8 Passenger,124.0,120.0
2026-10-10,2026-10-10 15:40,2026-10-17,7,BLR,DEL,BLR-DEL,AI,Air India,1,18376,INR,0,,00:15,0,03:10,3,False,175,175,0,Airbus A320neo,142.0,120.0
2026-10-10,2026-10-10 15:40,2026-10-17,7,BLR,DEL,BLR-DEL,AI,Air India,1,18376,INR,0,,05:30,5,08:25,8,False,175,175,0,Airbus A320neo,142.0,120.0
2026-10-10,2026-10-10 15:40,2026-10-17,7,BLR,DEL,BLR-DEL,AI,Air India,1,18376,INR,0,,06:00,6,08:45,8,False,165,165,0,Airbus A320neo,142.0,120.0
2026-10-10,2026-10-10 15:40,2026-10-17,7,BLR,DEL,BLR-DEL,AI,Air India,1,18376,INR,0,,07:00,7,10:00,10,False,180,180,0,Airbus A320neo,142.0,120.0
2026-10-10,2026-10-10 15:40,2026-10-17,7,BLR,DEL,BLR-DEL,AI,Air India,1,21284,INR,0,,10:00,10,13:00,13,False,180,180,0,Airbus A320neo,142.0,120.0
2026-10-10,2026-10-10 15:40,2026-10-17,7,BLR,DEL,BLR-DEL,AI,Air India,1,21284,INR,0,,11:00,11,14:00,14,False,180,180,0,Airbus A321,179.0,120.0
2026-10-10,2026-10-10 15:40,2026-10-17,7,BLR,DEL,BLR-DEL,AI,Air India,1,21284,INR,0,,14:00,14,16:45,16,False,165,165,0,Airbus A320neo,142.0,120.0
2026-10-10,2026-10-10 15:40,2026-10-17,7,BLR,DEL,BLR-DEL,AI,Air India,1,21284,INR,0,,15:00,15,18:00,18,False,180,180,0,Airbus A320neo,142.0,120.0
2026-10-10,2026-10-10 15:40,2026-10-17,7,BLR,DEL,BLR-DEL,AI,Air India,1,21284,INR,0,,15:30,15,18:15,18,False,165,165,0,Boeing 787,142.0,120.0
2026-10-10,2026-10-10 15:40,2026-10-24,14,BLR,DEL,BLR-DEL,6E,IndiGo,1,10357,INR,1,NAG,17:15,17,23:00,23,False,345,210,135,Airbus A320neo | Airbus A320neo,147.0,120.0
2026-10-10,2026-10-10 15:40,2026-10-24,14,BLR,DEL,BLR-DEL,IX,Air India Express,1,10566,INR,1,STV,16:10,16,23:00,23,False,410,225,185,Boeing 737 | Airbus A320neo,201.0,120.0
2026-10-10,2026-10-10 15:40,2026-10-24,14,BLR,DEL,BLR-DEL,6E,IndiGo,1,10672,INR,1,AMD,13:55,13,18:50,18,False,295,230,65,Airbus A321neo | Airbus A321neo,155.0,120.0
2026-10-10,2026-10-10 15:40,2026-10-24,14,BLR,DEL,BLR-DEL,AI,Air India,1,11278,INR,0,,20:00,20,22:45,22,False,165,165,0,Airbus A320neo,142.0,120.0
2026-10-10,2026-10-10 15:40,2026-10-24,14,BLR,DEL,BLR-DEL,AI,Air India,1,11593,INR,0,,19:40,19,22:35,22,False,175,175,0,Airbus A321,179.0,120.0
2026-10-10,2026-10-10 15:40,2026-10-24,14,BLR,DEL,BLR-DEL,AI,Air India,1,12055,INR,0,,00:15,0,03:10,3,False,175,175,0,Airbus A320neo,142.0,120.0
2026-10-10,2026-10-10 15:40,2026-10-24,14,BLR,DEL,BLR-DEL,AI,Air India,1,12112,INR,0,,17:25,17,20:30,20,False,185,185,0,Airbus A320neo,142.0,120.0
2026-10-10,2026-10-10 15:40,2026-10-24,14,BLR,DEL,BLR-DEL,AI,Air India,1,12401,INR,0,,16:30,16,19:25,19,False,175,175,0,Airbus A320neo,142.0,120.0
2026-10-10,2026-10-10 15:40,2026-10-24,14,BLR,DEL,BLR-DEL,AI,Air India,1,12401,INR,0,,18:20,18,21:10,21,False,170,170,0,Airbus A320neo,142.0,120.0
2026-10-10,2026-10-10 15:40,2026-10-24,14,BLR,DEL,BLR-DEL,QP,Akasa Air,1,12696,INR,0,,13:05,13,16:00,16,False,175,175,0,Boeing 737MAX 8 Passenger,119.0,120.0
2026-10-10,2026-10-10 15:40,2026-10-24,14,BLR,DEL,BLR-DEL,QP,Akasa Air,1,12903,INR,0,,04:10,4,07:00,7,False,170,170,0,Boeing 737MAX 8 Passenger,124.0,120.0
2026-10-10,2026-10-10 15:40,2026-10-24,14,BLR,DEL,BLR-DEL,QP,Akasa Air,1,12903,INR,0,,05:00,5,07:50,7,False,170,170,0,Boeing 737MAX 8 Passenger,117.0,120.0
2026-10-10,2026-10-10 15:40,2026-10-24,14,BLR,DEL,BLR-DEL,AI,Air India,1,12963,INR,0,,15:30,15,18:15,18,False,165,165,0,Boeing 787,142.0,120.0
2026-10-10,2026-10-10 15:40,2026-10-24,14,BLR,DEL,BLR-DEL,AI,Air India,1,13168,INR,0,,15:00,15,18:00,18,False,180,180,0,Airbus A320neo,142.0,120.0
2026-10-10,2026-10-10 15:40,2026-10-24,14,BLR,DEL,BLR-DEL,AI,Air India,1,13225,INR,0,,07:00,7,10:00,10,False,180,180,0,Airbus A320neo,142.0,120.0
2026-10-10,2026-10-10 15:40,2026-10-24,14,BLR,DEL,BLR-DEL,AI,Air India,1,13336,INR,0,,06:00,6,08:45,8,False,165,165,0,Airbus A320neo,142.0,120.0
2026-10-10,2026-10-10 15:40,2026-10-24,14,BLR,DEL,BLR-DEL,AI,Air India,1,13551,INR,0,,14:00,14,16:45,16,False,165,165,0,Airbus A320neo,142.0,120.0
2026-10-10,2026-10-10 15:40,2026-10-24,14,BLR,DEL,BLR-DEL,IX,Air India Express,1,13581,INR,0,,17:35,17,20:25,20,False,170,170,0,Boeing 737MAX 8 Passenger,142.0,120.0
2026-10-10,2026-10-10 15:40,2026-10-24,14,BLR,DEL,BLR-DEL,AI,Air India,1,13766,INR,0,,05:30,5,08:25,8,False,175,175,0,Airbus A320neo,142.0,120.0
2026-10-10,2026-10-10 15:40,2026-10-24,14,BLR,DEL,BLR-DEL,QP,Akasa Air,1,13774,INR,0,,06:05,6,08:50,8,False,165,165,0,Boeing 737MAX 8 Passenger,122.0,120.0
2026-10-10,2026-10-10 15:40,2026-10-24,14,BLR,DEL,BLR-DEL,IX,Air India Express,1,14262,INR,0,,06:40,6,09:25,9,False,165,165,0,Boeing 737MAX 8 Passenger,135.0,120.0
2026-10-10,2026-10-10 15:40,2026-10-24,14,BLR,DEL,BLR-DEL,AI,Air India,1,14774,INR,0,,10:00,10,13:00,13,False,180,180,0,Airbus A320neo,142.0,120.0
2026-10-10,2026-10-10 15:40,2026-10-24,14,BLR,DEL,BLR-DEL,AI,Air India,1,14774,INR,0,,11:00,11,14:00,14,False,180,180,0,Airbus A321,179.0,120.0
2026-10-10,2026-10-10 15:40,2026-11-09,30,BLR,DEL,BLR-DEL,SG,SpiceJet,1,9962,INR,0,,06:05,6,09:00,9,False,175,175,0,Airbus A321,148.0,120.0
2026-10-10,2026-10-10 15:40,2026-11-09,30,BLR,DEL,BLR-DEL,IX,Air India Express,1,10053,INR,0,,05:30,5,08:30,8,False,180,180,0,Airbus A320neo,134.0,120.0
2026-10-10,2026-10-10 15:40,2026-11-09,30,BLR,DEL,BLR-DEL,AI,Air India,1,10327,INR,0,,00:15,0,03:10,3,False,175,175,0,Airbus A320neo,139.0,120.0
2026-10-10,2026-10-10 15:40,2026-11-09,30,BLR,DEL,BLR-DEL,AI,Air India,1,10327,INR,0,,14:45,14,17:30,17,False,165,165,0,Boeing 787,139.0,120.0
2026-10-10,2026-10-10 15:40,2026-11-09,30,BLR,DEL,BLR-DEL,AI,Air India,1,10327,INR,0,,16:00,16,18:50,18,False,170,170,0,Airbus A320neo,139.0,120.0
2026-10-10,2026-10-10 15:40,2026-11-09,30,BLR,DEL,BLR-DEL,AI,Air India,1,10327,INR,0,,17:00,17,19:55,19,False,175,175,0,Airbus A320neo,139.0,120.0
2026-10-10,2026-10-10 15:40,2026-11-09,30,BLR,DEL,BLR-DEL,AI,Air India,1,10327,INR,0,,17:55,17,20:55,20,False,180,180,0,Airbus A320neo,139.0,120.0
2026-10-10,2026-10-10 15:40,2026-11-09,30,BLR,DEL,BLR-DEL,AI,Air India,1,10327,INR,0,,21:00,21,23:55,23,False,175,175,0,Airbus A320neo,139.0,120.0
2026-10-10,2026-10-10 15:40,2026-11-09,30,BLR,DEL,BLR-DEL,AI,Air India,1,10327,INR,0,,22:00,22,01:00,1,True,180,180,0,Airbus A320neo,139.0,120.0
2026-10-10,2026-10-10 15:40,2026-11-09,30,BLR,DEL,BLR-DEL,QP,Akasa Air,1,10349,INR,0,,04:10,4,07:00,7,False,170,170,0,Boeing 737MAX 8 Passenger,121.0,120.0
2026-10-10,2026-10-10 15:40,2026-11-09,30,BLR,DEL,BLR-DEL,QP,Akasa Air,1,10349,INR,0,,13:55,13,16:45,16,False,170,170,0,Boeing 737MAX 8 Passenger,121.0,120.0
2026-10-10,2026-10-10 15:40,2026-11-09,30,BLR,DEL,BLR-DEL,QP,Akasa Air,1,10349,INR,0,,19:05,19,22:00,22,False,175,175,0,Boeing 737MAX 8 Passenger,121.0,120.0
2026-10-10,2026-10-10 15:40,2026-11-09,30,BLR,DEL,BLR-DEL,AI,Air India,1,10495,INR,0,,20:00,20,22:55,22,False,175,175,0,Airbus A320neo,139.0,120.0
2026-10-10,2026-10-10 15:40,2026-11-09,30,BLR,DEL,BLR-DEL,AI,Air India,1,10574,INR,0,,06:00,6,08:45,8,False,165,165,0,Airbus A320neo,139.0,120.0
2026-10-10,2026-10-10 15:40,2026-11-09,30,BLR,DEL,BLR-DEL,AI,Air India,1,10648,INR,0,,10:00,10,13:00,13,False,180,180,0,Airbus A321,176.0,120.0
2026-10-10,2026-10-10 15:40,2026-11-09,30,BLR,DEL,BLR-DEL,AI,Air India,1,10648,INR,0,,11:00,11,13:50,13,False,170,170,0,Airbus A320neo,139.0,120.0
2026-10-10,2026-10-10 15:40,2026-11-09,30,BLR,DEL,BLR-DEL,AI,Air India,1,10742,INR,0,,07:00,7,09:45,9,False,165,165,0,Airbus A320neo,139.0,120.0
2026-10-10,2026-10-10 15:40,2026-11-09,30,BLR,DEL,BLR-DEL,AI,Air India,1,10816,INR,0,,08:05,8,11:00,11,False,175,175,0,Airbus A320neo,139.0,120.0
2026-10-10,2026-10-10 15:40,2026-11-09,30,BLR,DEL,BLR-DEL,AI,Air India,1,11157,INR,0,,13:00,13,15:55,15,False,175,175,0,Airbus A320neo,139.0,120.0
2026-10-10,2026-10-10 15:40,2026-11-09,30,BLR,DEL,BLR-DEL,IX,Air India Express,1,11754,INR,0,,12:20,12,15:20,15,False,180,180,0,Boeing 737MAX 8 Passenger,137.0,120.0
2026-10-10,2026-10-10 15:40,2026-11-24,45,BLR,DEL,BLR-DEL,SG,SpiceJet,1,9962,INR,0,,06:05,6,09:00,9,False,175,175,0,Airbus A321,148.0,120.0
2026-10-10,2026-10-10 15:40,2026-11-24,45,BLR,DEL,BLR-DEL,SG,SpiceJet,1,9962,INR,0,,21:15,21,00:10,0,True,175,175,0,Boeing 737,137.0,120.0
2026-10-10,2026-10-10 15:40,2026-11-24,45,BLR,DEL,BLR-DEL,IX,Air India Express,1,10053,INR,0,,05:30,5,08:30,8,False,180,180,0,Airbus A320neo,134.0,120.0
2026-10-10,2026-10-10 15:40,2026-11-24,45,BLR,DEL,BLR-DEL,IX,Air India Express,1,10053,INR,0,,21:25,21,00:25,0,True,180,180,0,Boeing 737MAX 8 Passenger,137.0,120.0
2026-10-10,2026-10-10 15:40,2026-11-24,45,BLR,DEL,BLR-DEL,QP,Akasa Air,1,10063,INR,0,,04:10,4,07:00,7,False,170,170,0,Boeing 737MAX 8 Passenger,121.0,120.0
2026-10-10,2026-10-10 15:40,2026-11-24,45,BLR,DEL,BLR-DEL,QP,Akasa Air,1,10063,INR,0,,19:05,19,22:00,22,False,175,175,0,Boeing 737MAX 8 Passenger,121.0,120.0
2026-10-10,2026-10-10 15:40,2026-11-24,45,BLR,DEL,BLR-DEL,AI,Air India,1,10327,INR,0,,00:15,0,03:10,3,False,175,175,0,Airbus A320neo,139.0,120.0
2026-10-10,2026-10-10 15:40,2026-11-24,45,BLR,DEL,BLR-DEL,AI,Air India,1,10327,INR,0,,05:00,5,07:50,7,False,170,170,0,Airbus A320neo,139.0,120.0
2026-10-10,2026-10-10 15:40,2026-11-24,45,BLR,DEL,BLR-DEL,AI,Air India,1,10327,INR,0,,06:00,6,08:45,8,False,165,165,0,Airbus A320neo,139.0,120.0
2026-10-10,2026-10-10 15:40,2026-11-24,45,BLR,DEL,BLR-DEL,AI,Air India,1,10327,INR,0,,10:00,10,13:00,13,False,180,180,0,Airbus A321,176.0,120.0
2026-10-10,2026-10-10 15:40,2026-11-24,45,BLR,DEL,BLR-DEL,AI,Air India,1,10327,INR,0,,14:45,14,17:30,17,False,165,165,0,Boeing 787,139.0,120.0
2026-10-10,2026-10-10 15:40,2026-11-24,45,BLR,DEL,BLR-DEL,AI,Air India,1,10327,INR,0,,21:00,21,23:55,23,False,175,175,0,Airbus A320neo,139.0,120.0
2026-10-10,2026-10-10 15:40,2026-11-24,45,BLR,DEL,BLR-DEL,AI,Air India,1,10327,INR,0,,22:00,22,01:00,1,True,180,180,0,Airbus A320neo,139.0,120.0
2026-10-10,2026-10-10 15:40,2026-11-24,45,BLR,DEL,BLR-DEL,AI,Air India,1,10648,INR,0,,17:00,17,19:55,19,False,175,175,0,Airbus A320neo,139.0,120.0
2026-10-10,2026-10-10 15:40,2026-11-24,45,BLR,DEL,BLR-DEL,AI,Air India,1,11157,INR,0,,11:00,11,13:50,13,False,170,170,0,Airbus A320neo,139.0,120.0
2026-10-10,2026-10-10 15:40,2026-11-24,45,BLR,DEL,BLR-DEL,AI,Air India,1,11157,INR,0,,13:00,13,15:55,15,False,175,175,0,Airbus A320neo,139.0,120.0
2026-10-10,2026-10-10 15:40,2026-11-24,45,BLR,DEL,BLR-DEL,AI,Air India,1,11157,INR,0,,16:00,16,18:50,18,False,170,170,0,Airbus A320neo,139.0,120.0
2026-10-10,2026-10-10 15:40,2026-11-24,45,BLR,DEL,BLR-DEL,AI,Air India,1,12165,INR,0,,07:00,7,09:45,9,False,165,165,0,Airbus A320neo,139.0,120.0
2026-10-10,2026-10-10 15:40,2026-11-24,45,BLR,DEL,BLR-DEL,AI,Air India,1,12165,INR,0,,17:55,17,20:55,20,False,180,180,0,Airbus A320neo,139.0,120.0
2026-10-10,2026-10-10 15:40,2026-11-24,45,BLR,DEL,BLR-DEL,AI,Air India,1,12916,INR,0,,08:05,8,11:00,11,False,175,175,0,Airbus A320neo,139.0,120.0
2026-10-10,2026-10-10 15:40,2026-11-24,45,BLR,DEL,BLR-DEL,AI,Air India,1,14480,INR,0,,20:00,20,22:55,22,False,175,175,0,Airbus A320neo,139.0,120.0
2026-10-10,2026-10-10 15:40,2026-12-09,60,BLR,DEL,BLR-DEL,SG,SpiceJet,1,9962,INR,0,,06:05,6,09:00,9,False,175,175,0,Airbus A321,146.0,120.0
2026-10-10,2026-10-10 15:40,2026-12-09,60,BLR,DEL,BLR-DEL,QP,Akasa Air,1,10063,INR,0,,05:00,5,07:55,7,False,175,175,0,Boeing 737MAX 8 Passenger,119.0,120.0
2026-10-10,2026-10-10 15:40,2026-12-09,60,BLR,DEL,BLR-DEL,QP,Akasa Air,1,10063,INR,0,,13:55,13,16:45,16,False,170,170,0,Boeing 737MAX 8 Passenger,118.0,120.0
2026-10-10,2026-10-10 15:40,2026-12-09,60,BLR,DEL,BLR-DEL,AI,Air India,1,10327,INR,0,,00:15,0,03:10,3,False,175,175,0,Airbus A320neo,135.0,120.0
2026-10-10,2026-10-10 15:40,2026-12-09,60,BLR,DEL,BLR-DEL,AI,Air India,1,10327,INR,0,,05:00,5,07:50,7,False,170,170,0,Airbus A320neo,135.0,120.0
2026-10-10,2026-10-10 15:40,2026-12-09,60,BLR,DEL,BLR-DEL,QP,Akasa Air,1,10349,INR,0,,06:10,6,09:00,9,False,170,170,0,Boeing 737MAX 8 Passenger,114.0,120.0
2026-10-10,2026-10-10 15:40,2026-12-09,60,BLR,DEL,BLR-DEL,QP,Akasa Air,1,10349,INR,0,,17:55,17,20:35,20,False,160,160,0,Boeing 737MAX 8 Passenger,114.0,120.0
2026-10-10,2026-10-10 15:40,2026-12-09,60,BLR,DEL,BLR-DEL,IX,Air India Express,1,10364,INR,0,,21:25,21,00:25,0,True,180,180,0,Boeing 737MAX 8 Passenger,134.0,120.0
2026-10-10,2026-10-10 15:40,2026-12-09,60,BLR,DEL,BLR-DEL,QP,Akasa Air,1,10507,INR,0,,19:05,19,22:00,22,False,175,175,0,Boeing 737MAX 8 Passenger,119.0,120.0
2026-10-10,2026-10-10 15:40,2026-12-09,60,BLR,DEL,BLR-DEL,AI,Air India,1,11157,INR,0,,10:00,10,13:00,13,False,180,180,0,Airbus A321,171.0,120.0
2026-10-10,2026-10-10 15:40,2026-12-09,60,BLR,DEL,BLR-DEL,AI,Air India,1,11157,INR,0,,14:45,14,17:30,17,False,165,165,0,Boeing 787,135.0,120.0
2026-10-10,2026-10-10 15:40,2026-12-09,60,BLR,DEL,BLR-DEL,AI,Air India,1,11157,INR,0,,21:00,21,23:55,23,False,175,175,0,Airbus A320neo,135.0,120.0
2026-10-10,2026-10-10 15:40,2026-12-09,60,BLR,DEL,BLR-DEL,AI,Air India,1,11157,INR,0,,22:00,22,01:00,1,True,180,180,0,Airbus A320neo,135.0,120.0
2026-10-10,2026-10-10 15:40,2026-12-09,60,BLR,DEL,BLR-DEL,AI,Air India,1,11330,INR,0,,08:05,8,11:00,11,False,175,175,0,Airbus A320neo,135.0,120.0
2026-10-10,2026-10-10 15:40,2026-12-09,60,BLR,DEL,BLR-DEL,AI,Air India,1,12165,INR,0,,07:00,7,09:45,9,False,165,165,0,Airbus A320neo,135.0,120.0
2026-10-10,2026-10-10 15:40,2026-12-09,60,BLR,DEL,BLR-DEL,AI,Air India,1,12165,INR,0,,13:00,13,15:55,15,False,175,175,0,Airbus A320neo,135.0,120.0
2026-10-10,2026-10-10 15:40,2026-12-09,60,BLR,DEL,BLR-DEL,AI,Air India,1,12706,INR,0,,11:00,11,13:50,13,False,170,170,0,Airbus A320neo,135.0,120.0
2026-10-10,2026-10-10 15:40,2026-12-09,60,BLR,DEL,BLR-DEL,AI,Air India,1,12706,INR,0,,16:00,16,18:50,18,False,170,170,0,Airbus A320neo,135.0,120.0
2026-10-10,2026-10-10 15:40,2026-12-09,60,BLR,DEL,BLR-DEL,AI,Air India,1,12706,INR,0,,17:00,17,19:55,19,False,175,175,0,Airbus A320neo,135.0,120.0
2026-10-10,2026-10-10 15:40,2026-12-09,60,BLR,DEL,BLR-DEL,AI,Air India,1,13283,INR,0,,17:55,17,20:55,20,False,180,180,0,Airbus A320neo,135.0,120.0
2026-10-10,2026-10-10 15:40,2026-12-09,60,BLR,DEL,BLR-DEL,AI,Air India,1,13498,INR,0,,20:00,20,22:55,22,False,175,175,0,Airbus A320neo,135.0,120.0
2026-10-10,2026-10-10 15:40,2026-10-11,1,DEL,BLR,DEL-BLR,AI,Air India,1,9199,INR,0,,00:15,0,03:10,3,False,175,175,0,Airbus A320neo,142.0,120.0
2026-10-10,2026-10-10 15:40,2026-10-11,1,DEL,BLR,DEL-BLR,AI,Air India,1,9199,INR,0,,06:30,6,09:25,9,False,175,175,0,Airbus A320neo,142.0,120.0
2026-10-10,2026-10-10 15:40,2026-10-11,1,DEL,BLR,DEL-BLR,AI,Air India,1,9199,INR,0,,07:00,7,09:55,9,False,175,175,0,Airbus A320neo,142.0,120.0
2026-10-10,2026-10-10 15:40,2026-10-11,1,DEL,BLR,DEL-BLR,AI,Air India,1,9562,INR,0,,04:30,4,07:20,7,False,170,170,0,Airbus A320neo,142.0,120.0
2026-10-10,2026-10-10 15:40,2026-10-11,1,DEL,BLR,DEL-BLR,IX,Air India Express,1,9838,INR,1,LKO,23:25,23,12:20,12,True,775,245,530,Airbus A320neo | Boeing 737MAX 8 Passenger,183.0,120.0
2026-10-10,2026-10-10 15:40,2026-10-11,1,DEL,BLR,DEL-BLR,QP,Akasa Air,1,10071,INR,0,,21:55,21,00:50,0,True,175,175,0,Boeing 737MAX 8 Passenger,124.0,120.0
2026-10-10,2026-10-10 15:40,2026-10-11,1,DEL,BLR,DEL-BLR,QP,Akasa Air,1,10071,INR,0,,22:55,22,01:45,1,True,170,170,0,Boeing 737MAX 8 Passenger,124.0,120.0
2026-10-10,2026-10-10 15:40,2026-10-11,1,DEL,BLR,DEL-BLR,IX,Air India Express,1,10269,INR,0,,21:00,21,00:05,0,True,185,185,0,Airbus A320neo,134.0,120.0
2026-10-10,2026-10-10 15:40,2026-10-11,1,DEL,BLR,DEL-BLR,AI,Air India,1,11662,INR,0,,09:30,9,12:25,12,False,175,175,0,Airbus A320neo,142.0,120.0
2026-10-10,2026-10-10 15:40,2026-10-11,1,DEL,BLR,DEL-BLR,AI,Air India,1,12922,INR,0,,18:30,18,21:25,21,False,175,175,0,Airbus A321,180.0,120.0
2026-10-10,2026-10-10 15:40,2026-10-11,1,DEL,BLR,DEL-BLR,QP,Akasa Air,1,12994,INR,0,,16:40,16,19:40,19,False,180,180,0,Boeing 737MAX 8 Passenger,119.0,120.0
2026-10-10,2026-10-10 15:40,2026-10-11,1,DEL,BLR,DEL-BLR,AI,Air India,1,14071,INR,0,,19:30,19,22:20,22,False,170,170,0,Airbus A320neo,142.0,120.0
2026-10-10,2026-10-10 15:40,2026-10-11,1,DEL,BLR,DEL-BLR,AI,Air India,1,14302,INR,0,,19:00,19,21:55,21,False,175,175,0,Airbus A320neo,142.0,120.0
2026-10-10,2026-10-10 15:40,2026-10-11,1,DEL,BLR,DEL-BLR,AI,Air India,1,14302,INR,0,,21:30,21,00:25,0,True,175,175,0,Airbus A320neo,142.0,120.0
2026-10-10,2026-10-10 15:40,2026-10-11,1,DEL,BLR,DEL-BLR,AI,Air India,1,16150,INR,0,,16:30,16,19:15,19,False,165,165,0,Airbus A320neo,142.0,120.0
2026-10-10,2026-10-10 15:40,2026-10-11,1,DEL,BLR,DEL-BLR,AI,Air India,1,16150,INR,0,,18:00,18,20:55,20,False,175,175,0,Airbus A320neo,142.0,120.0
2026-10-10,2026-10-10 15:40,2026-10-11,1,DEL,BLR,DEL-BLR,AI,Air India,1,19069,INR,0,,10:30,10,13:20,13,False,170,170,0,Airbus A320neo,142.0,120.0
2026-10-10,2026-10-10 15:40,2026-10-11,1,DEL,BLR,DEL-BLR,AI,Air India,1,19069,INR,0,,16:00,16,18:45,18,False,165,165,0,Airbus A320neo,142.0,120.0
2026-10-10,2026-10-10 15:40,2026-10-11,1,DEL,BLR,DEL-BLR,AI,Air India,1,19395,INR,0,,13:00,13,15:55,15,False,175,175,0,Airbus A320neo,142.0,120.0
2026-10-10,2026-10-10 15:40,2026-10-11,1,DEL,BLR,DEL-BLR,AI,Air India,1,19395,INR,0,,15:00,15,17:55,17,False,175,175,0,Airbus A320neo,142.0,120.0
2026-10-10,2026-10-10 15:40,2026-10-13,3,DEL,BLR,DEL-BLR,AI,Air India,1,9199,INR,0,,00:15,0,03:10,3,False,175,175,0,Airbus A320neo,142.0,120.0
2026-10-10,2026-10-10 15:40,2026-10-13,3,DEL,BLR,DEL-BLR,AI,Air India,1,9199,INR,0,,04:30,4,07:20,7,False,170,170,0,Airbus A320neo,142.0,120.0
2026-10-10,2026-10-10 15:40,2026-10-13,3,DEL,BLR,DEL-BLR,AI,Air India,1,9199,INR,0,,06:30,6,09:25,9,False,175,175,0,Airbus A320neo,142.0,120.0
2026-10-10,2026-10-10 15:40,2026-10-13,3,DEL,BLR,DEL-BLR,AI,Air India,1,9199,INR,0,,18:00,18,20:55,20,False,175,175,0,Airbus A320neo,142.0,120.0
2026-10-10,2026-10-10 15:40,2026-10-13,3,DEL,BLR,DEL-BLR,AI,Air India,1,9199,INR,0,,18:30,18,21:25,21,False,175,175,0,Airbus A320neo,142.0,120.0
2026-10-10,2026-10-10 15:40,2026-10-13,3,DEL,BLR,DEL-BLR,AI,Air India,1,9199,INR,0,,19:00,19,21:55,21,False,175,175,0,Airbus A320neo,142.0,120.0
2026-10-10,2026-10-10 15:40,2026-10-13,3,DEL,BLR,DEL-BLR,AI,Air India,1,9199,INR,0,,21:30,21,00:25,0,True,175,175,0,Airbus A320neo,142.0,120.0
2026-10-10,2026-10-10 15:40,2026-10-13,3,DEL,BLR,DEL-BLR,IX,Air India Express,1,9276,INR,0,,10:25,10,13:20,13,False,175,175,0,Boeing 737MAX 8 Passenger,142.0,120.0
2026-10-10,2026-10-10 15:40,2026-10-13,3,DEL,BLR,DEL-BLR,IX,Air India Express,1,9276,INR,0,,22:00,22,00:55,0,True,175,175,0,Boeing 737MAX 8 Passenger,142.0,120.0
2026-10-10,2026-10-10 15:40,2026-10-13,3,DEL,BLR,DEL-BLR,AI,Air India,1,9346,INR,0,,13:00,13,15:55,15,False,175,175,0,Airbus A320neo,142.0,120.0
2026-10-10,2026-10-10 15:40,2026-10-13,3,DEL,BLR,DEL-BLR,AI,Air India,1,9346,INR,0,,15:00,15,17:55,17,False,175,175,0,Airbus A320neo,142.0,120.0
2026-10-10,2026-10-10 15:40,2026-10-13,3,DEL,BLR,DEL-BLR,6E,IndiGo,1,9565,INR,1,LKO,11:10,11,16:10,16,False,300,225,75,Airbus A321neo | Airbus A321neo,153.0,120.0
2026-10-10,2026-10-10 15:40,2026-10-13,3,DEL,BLR,DEL-BLR,AI,Air India,1,9656,INR,0,,08:30,8,11:20,11,False,170,170,0,Boeing 787,143.0,120.0
2026-10-10,2026-10-10 15:40,2026-10-13,3,DEL,BLR,DEL-BLR,QP,Akasa Air,1,10071,INR,0,,16:40,16,19:40,19,False,180,180,0,Boeing 737MAX 8 Passenger,117.0,120.0
2026-10-10,2026-10-10 15:40,2026-10-13,3,DEL,BLR,DEL-BLR,QP,Akasa Air,1,10071,INR,0,,21:55,21,00:50,0,True,175,175,0,Boeing 737MAX 8 Passenger,124.0,120.0
2026-10-10,2026-10-10 15:40,2026-10-13,3,DEL,BLR,DEL-BLR,QP,Akasa Air,1,10071,INR,0,,22:55,22,01:45,1,True,170,170,0,Boeing 737MAX 8 Passenger,124.0,120.0
2026-10-10,2026-10-10 15:40,2026-10-13,3,DEL,BLR,DEL-BLR,AI,Air India,1,10139,INR,0,,07:00,7,09:55,9,False,175,175,0,Airbus A320neo,142.0,120.0
2026-10-10,2026-10-10 15:40,2026-10-13,3,DEL,BLR,DEL-BLR,AI,Air India,1,10139,INR,0,,19:30,19,22:20,22,False,170,170,0,Airbus A320neo,142.0,120.0
2026-10-10,2026-10-10 15:40,2026-10-13,3,DEL,BLR,DEL-BLR,QP,Akasa Air,1,10229,INR,0,,20:50,20,23:45,23,False,175,175,0,Boeing 737MAX 8 Passenger,124.0,120.0
2026-10-10,2026-10-10 15:40,2026-10-17,7,DEL,BLR,DEL-BLR,IX,Air India Express,1,9628,INR,1,LKO,06:00,6,12:20,12,False,380,245,135,Airbus A320neo | Boeing 737MAX 8 Passenger,183.0,120.0
2026-10-10,2026-10-10 15:40,2026-10-17,7,DEL,BLR,DEL-BLR,AI,Air India,1,10312,INR,0,,00:15,0,03:10,3,False,175,175,0,Airbus A320neo,142.0,120.0
2026-10-10,2026-10-10 15:40,2026-10-17,7,DEL,BLR,DEL-BLR,AI,Air India,1,10312,INR,0,,06:30,6,09:25,9,False,175,175,0,Airbus A320neo,142.0,120.0
2026-10-10,2026-10-10 15:40,2026-10-17,7,DEL,BLR,DEL-BLR,AI,Air India,1,10312,INR,0,,07:00,7,09:55,9,False,175,175,0,Airbus A321,180.0,120.0
2026-10-10,2026-10-10 15:40,2026-10-17,7,DEL,BLR,DEL-BLR,AI,Air India,1,10312,INR,0,,09:30,9,12:25,12,False,175,175,0,Airbus A320neo,142.0,120.0
2026-10-10,2026-10-10 15:40,2026-10-17,7,DEL,BLR,DEL-BLR,AI,Air India,1,10312,INR,0,,16:30,16,19:15,19,False,165,165,0,Airbus A320neo,142.0,120.0
2026-10-10,2026-10-10 15:40,2026-10-17,7,DEL,BLR,DEL-BLR,AI,Air India,1,10312,INR,0,,18:00,18,20:55,20,False,175,175,0,Airbus A320neo,142.0,120.0
2026-10-10,2026-10-10 15:40,2026-10-17,7,DEL,BLR,DEL-BLR,AI,Air India,1,10312,INR,0,,18:30,18,21:25,21,False,175,175,0,Airbus A321,180.0,120.0
2026-10-10,2026-10-10 15:40,2026-10-17,7,DEL,BLR,DEL-BLR,AI,Air India,1,10312,INR,0,,19:00,19,21:55,21,False,175,175,0,Airbus A320neo,142.0,120.0
2026-10-10,2026-10-10 15:40,2026-10-17,7,DEL,BLR,DEL-BLR,AI,Air India,1,10312,INR,0,,19:30,19,22:20,22,False,170,170,0,Airbus A320neo,142.0,120.0
2026-10-10,2026-10-10 15:40,2026-10-17,7,DEL,BLR,DEL-BLR,AI,Air India,1,10312,INR,0,,21:30,21,00:25,0,True,175,175,0,Airbus A320neo,142.0,120.0
2026-10-10,2026-10-10 15:40,2026-10-17,7,DEL,BLR,DEL-BLR,IX,Air India Express,1,10384,INR,0,,22:00,22,00:55,0,True,175,175,0,Boeing 737MAX 8 Passenger,142.0,120.0
2026-10-10,2026-10-10 15:40,2026-10-17,7,DEL,BLR,DEL-BLR,AI,Air India,1,10480,INR,0,,08:30,8,11:20,11,False,170,170,0,Boeing 787,143.0,120.0
2026-10-10,2026-10-10 15:40,2026-10-17,7,DEL,BLR,DEL-BLR,AI,Air India,1,10480,INR,0,,15:00,15,17:55,17,False,175,175,0,Airbus A320neo,142.0,120.0
2026-10-10,2026-10-10 15:40,2026-10-17,7,DEL,BLR,DEL-BLR,QP,Akasa Air,1,10550,INR,0,,20:50,20,23:45,23,False,175,175,0,Boeing 737MAX 8 Passenger,124.0,120.0
2026-10-10,2026-10-10 15:40,2026-10-17,7,DEL,BLR,DEL-BLR,AI,Air India,1,10648,INR,0,,10:30,10,13:20,13,False,170,170,0,Airbus A320neo,142.0,120.0
2026-10-10,2026-10-10 15:40,2026-10-17,7,DEL,BLR,DEL-BLR,AI,Air India,1,10717,INR,0,,04:30,4,07:20,7,False,170,170,0,Airbus A320neo,142.0,120.0
2026-10-10,2026-10-10 15:40,2026-10-17,7,DEL,BLR,DEL-BLR,IX,Air India Express,1,10860,INR,0,,10:25,10,13:20,13,False,175,175,0,Boeing 737MAX 8 Passenger,142.0,120.0
2026-10-10,2026-10-10 15:40,2026-10-17,7,DEL,BLR,DEL-BLR,QP,Akasa Air,1,11238,INR,0,,16:40,16,19:40,19,False,180,180,0,Boeing 737MAX 8 Passenger,119.0,120.0
2026-10-10,2026-10-10 15:40,2026-10-17,7,DEL,BLR,DEL-BLR,AI,Air India,1,11656,INR,0,,13:00,13,15:55,15,False,175,175,0,Airbus A320neo,142.0,120.0
2026-10-10,2026-10-10 15:40,2026-10-24,14,DEL,BLR,DEL-BLR,6E,IndiGo,1,11202,INR,1,VNS,18:30,18,23:40,23,False,310,250,60,Airbus A321neo | Airbus A321neo,163.0,120.0
2026-10-10,2026-10-10 15:40,2026-10-24,14,DEL,BLR,DEL-BLR,SG,SpiceJet,1,11526,INR,1,BOM,09:45,9,01:40,1,True,955,265,690,Boeing 737 | Airbus A321,191.0,120.0
2026-10-10,2026-10-10 15:40,2026-10-24,14,DEL,BLR,DEL-BLR,AI,Air India,1,12229,INR,0,,09:30,9,12:25,12,False,175,175,0,Airbus A320neo,142.0,120.0
2026-10-10,2026-10-10 15:40,2026-10-24,14,DEL,BLR,DEL-BLR,AI,Air India,1,12433,INR,0,,08:30,8,11:20,11,False,170,170,0,Boeing 787,143.0,120.0
2026-10-10,2026-10-10 15:40,2026-10-24,14,DEL,BLR,DEL-BLR,AI,Air India,1,13216,INR,0,,10:30,10,13:20,13,False,170,170,0,Airbus A320neo,142.0,120.0
2026-10-10,2026-10-10 15:40,2026-10-24,14,DEL,BLR,DEL-BLR,QP,Akasa Air,1,13884,INR,0,,22:55,22,02:00,2,True,185,185,0,Boeing 737MAX 8 Passenger,124.0,120.0
2026-10-10,2026-10-10 15:40,2026-10-24,14,DEL,BLR,DEL-BLR,QP,Akasa Air,1,14116,INR,0,,21:55,21,00:50,0,True,175,175,0,Boeing 737MAX 8 Passenger,124.0,120.0
2026-10-10,2026-10-10 15:40,2026-10-24,14,DEL,BLR,DEL-BLR,IX,Air India Express,1,14780,INR,0,,10:25,10,13:20,13,False,175,175,0,Boeing 737MAX 8 Passenger,135.0,120.0
2026-10-10,2026-10-10 15:40,2026-10-24,14,DEL,BLR,DEL-BLR,IX,Air India Express,1,14780,INR,0,,22:00,22,00:55,0,True,175,175,0,Boeing 737MAX 8 Passenger,142.0,120.0
2026-10-10,2026-10-10 15:40,2026-10-24,14,DEL,BLR,DEL-BLR,AI,Air India,1,15473,INR,0,,16:00,16,18:45,18,False,165,165,0,Airbus A321,180.0,120.0
2026-10-10,2026-10-10 15:40,2026-10-24,14,DEL,BLR,DEL-BLR,AI,Air India,1,15473,INR,0,,16:30,16,19:15,19,False,165,165,0,Airbus A320neo,142.0,120.0
2026-10-10,2026-10-10 15:40,2026-10-24,14,DEL,BLR,DEL-BLR,AI,Air India,1,15473,INR,0,,18:00,18,20:55,20,False,175,175,0,Airbus A320neo,142.0,120.0
2026-10-10,2026-10-10 15:40,2026-10-24,14,DEL,BLR,DEL-BLR,AI,Air India,1,15473,INR,0,,18:30,18,21:25,21,False,175,175,0,Airbus A321,180.0,120.0
2026-10-10,2026-10-10 15:40,2026-10-24,14,DEL,BLR,DEL-BLR,AI,Air India,1,15473,INR,0,,19:00,19,21:55,21,False,175,175,0,Airbus A320neo,142.0,120.0
2026-10-10,2026-10-10 15:40,2026-10-24,14,DEL,BLR,DEL-BLR,AI,Air India,1,15473,INR,0,,21:30,21,00:25,0,True,175,175,0,Airbus A320neo,142.0,120.0
2026-10-10,2026-10-10 15:40,2026-10-24,14,DEL,BLR,DEL-BLR,AI,Air India,1,15746,INR,0,,15:00,15,17:55,17,False,175,175,0,Airbus A320neo,142.0,120.0
2026-10-10,2026-10-10 15:40,2026-10-24,14,DEL,BLR,DEL-BLR,AI,Air India,1,16150,INR,0,,13:00,13,15:55,15,False,175,175,0,Airbus A320neo,142.0,120.0
2026-10-10,2026-10-10 15:40,2026-10-24,14,DEL,BLR,DEL-BLR,QP,Akasa Air,1,16157,INR,0,,16:40,16,19:40,19,False,180,180,0,Boeing 737MAX 8 Passenger,119.0,120.0
2026-10-10,2026-10-10 15:40,2026-10-24,14,DEL,BLR,DEL-BLR,QP,Akasa Air,1,16435,INR,0,,20:50,20,23:45,23,False,175,175,0,Boeing 737MAX 8 Passenger,125.0,120.0
2026-10-10,2026-10-10 15:40,2026-10-24,14,DEL,BLR,DEL-BLR,AI,Air India,1,18256,INR,0,,19:30,19,22:20,22,False,170,170,0,Airbus A320neo,142.0,120.0
2026-10-10,2026-10-10 15:40,2026-10-31,21,DEL,BLR,DEL-BLR,AI,Air India,1,10312,INR,0,,00:15,0,03:05,3,False,170,170,0,Airbus A320neo,142.0,120.0
2026-10-10,2026-10-10 15:40,2026-10-31,21,DEL,BLR,DEL-BLR,IX,Air India Express,1,10384,INR,0,,07:30,7,10:25,10,False,175,175,0,Boeing 737MAX 8 Passenger,142.0,120.0
2026-10-10,2026-10-10 15:40,2026-10-31,21,DEL,BLR,DEL-BLR,IX,Air India Express,1,10384,INR,0,,08:35,8,11:35,11,False,180,180,0,Boeing 737MAX 8 Passenger,142.0,120.0
2026-10-10,2026-10-10 15:40,2026-10-31,21,DEL,BLR,DEL-BLR,IX,Air India Express,1,10384,INR,0,,21:10,21,00:10,0,True,180,180,0,Airbus A320neo,139.0,120.0
2026-10-10,2026-10-10 15:40,2026-10-31,21,DEL,BLR,DEL-BLR,QP,Akasa Air,1,10716,INR,0,,08:45,8,11:40,11,False,175,175,0,Boeing 737MAX 8 Passenger,125.0,120.0
2026-10-10,2026-10-10 15:40,2026-10-31,21,DEL,BLR,DEL-BLR,QP,Akasa Air,1,10716,INR,0,,17:35,17,20:25,20,False,170,170,0,Boeing 737MAX 8 Passenger,124.0,120.0
2026-10-10,2026-10-10 15:40,2026-10-31,21,DEL,BLR,DEL-BLR,AI,Air India,1,10717,INR,0,,06:00,6,08:50,8,False,170,170,0,Airbus A321,180.0,120.0
2026-10-10,2026-10-10 15:40,2026-10-31,21,DEL,BLR,DEL-BLR,AI,Air India,1,10717,INR,0,,09:30,9,12:20,12,False,170,170,0,Airbus A320neo,142.0,120.0
2026-10-10,2026-10-10 15:40,2026-10-31,21,DEL,BLR,DEL-BLR,AI,Air India,1,10895,INR,0,,08:35,8,11:10,11,False,155,155,0,Boeing 787,143.0,120.0
2026-10-10,2026-10-10 15:40,2026-10-31,21,DEL,BLR,DEL-BLR,SG,SpiceJet,1,10958,INR,0,,20:50,20,23:40,23,False,170,170,0,Airbus A321,151.0,120.0
2026-10-10,2026-10-10 15:40,2026-10-31,21,DEL,BLR,DEL-BLR,QP,Akasa Air,1,11059,INR,0,,20:50,20,23:40,23,False,170,170,0,Boeing 737MAX 8 Passenger,125.0,120.0
2026-10-10,2026-10-10 15:40,2026-10-31,21,DEL,BLR,DEL-BLR,AI,Air India,1,11068,INR,0,,10:55,10,13:50,13,False,175,175,0,Airbus A320neo,142.0,120.0
2026-10-10,2026-10-10 15:40,2026-10-31,21,DEL,BLR,DEL-BLR,AI,Air India,1,11158,INR,0,,12:00,12,14:45,14,False,165,165,0,Airbus A320neo,142.0,120.0
2026-10-10,2026-10-10 15:40,2026-10-31,21,DEL,BLR,DEL-BLR,AI,Air India,1,11194,INR,0,,13:00,13,15:50,15,False,170,170,0,Airbus A320neo,142.0,120.0
2026-10-10,2026-10-10 15:40,2026-10-31,21,DEL,BLR,DEL-BLR,AI,Air India,1,11194,INR,0,,19:25,19,22:15,22,False,170,170,0,Airbus A320neo,142.0,120.0
2026-10-10,2026-10-10 15:40,2026-10-31,21,DEL,BLR,DEL-BLR,AI,Air India,1,11194,INR,0,,20:30,20,23:25,23,False,175,175,0,Airbus A320neo,142.0,120.0
2026-10-10,2026-10-10 15:40,2026-10-31,21,DEL,BLR,DEL-BLR,AI,Air India,1,11698,INR,0,,18:00,18,20:50,20,False,170,170,0,Airbus A320neo,142.0,120.0
2026-10-10,2026-10-10 15:40,2026-10-31,21,DEL,BLR,DEL-BLR,AI,Air India,1,11698,INR,0,,21:30,21,00:25,0,True,175,175,0,Airbus A320neo,142.0,120.0
2026-10-10,2026-10-10 15:40,2026-10-31,21,DEL,BLR,DEL-BLR,AI,Air India,1,12433,INR,0,,15:00,15,17:45,17,False,165,165,0,Airbus A320neo,142.0,120.0
2026-10-10,2026-10-10 15:40,2026-11-09,30,DEL,BLR,DEL-BLR,6E,IndiGo,1,10887,INR,1,IXU,17:15,17,21:45,21,False,270,200,70,Airbus A321neo | Airbus A320neo,140.0,120.0
2026-10-10,2026-10-10 15:40,2026-11-09,30,DEL,BLR,DEL-BLR,AI,Air India,1,11247,INR,0,,22:00,22,00:55,0,True,175,175,0,Airbus A320neo,139.0,120.0
2026-10-10,2026-10-10 15:40,2026-11-09,30,DEL,BLR,DEL-BLR,SG,SpiceJet,1,11488,INR,0,,20:50,20,23:40,23,False,170,170,0,Airbus A321,148.0,120.0
2026-10-10,2026-10-10 15:40,2026-11-09,30,DEL,BLR,DEL-BLR,QP,Akasa Air,1,11979,INR,0,,22:55,22,02:00,2,True,185,185,0,Boeing 737MAX 8 Passenger,122.0,120.0
2026-10-10,2026-10-10 15:40,2026-11-09,30,DEL,BLR,DEL-BLR,AI,Air India,1,12239,INR,0,,19:25,19,22:15,22,False,170,170,0,Airbus A320neo,139.0,120.0
2026-10-10,2026-10-10 15:40,2026-11-09,30,DEL,BLR,DEL-BLR,AI,Air India,1,12281,INR,0,,18:00,18,20:50,20,False,170,170,0,Airbus A320neo,139.0,120.0
2026-10-10,2026-10-10 15:40,2026-11-09,30,DEL,BLR,DEL-BLR,QP,Akasa Air,1,12783,INR,0,,17:35,17,20:25,20,False,170,170,0,Boeing 737MAX 8 Passenger,121.0,120.0
2026-10-10,2026-10-10 15:40,2026-11-09,30,DEL,BLR,DEL-BLR,AI,Air India,1,12796,INR,0,,00:15,0,03:05,3,False,170,170,0,Airbus A320neo,139.0,120.0
2026-10-10,2026-10-10 15:40,2026-11-09,30,DEL,BLR,DEL-BLR,AI,Air India,1,12838,INR,0,,13:00,13,15:50,15,False,170,170,0,Airbus A320neo,139.0,120.0
2026-10-10,2026-10-10 15:40,2026-11-09,30,DEL,BLR,DEL-BLR,QP,Akasa Air,1,12994,INR,0,,20:50,20,23:40,23,False,170,170,0,Boeing 737MAX 8 Passenger,122.0,120.0
2026-10-10,2026-10-10 15:40,2026-11-09,30,DEL,BLR,DEL-BLR,AI,Air India,1,13053,INR,0,,08:35,8,11:10,11,False,155,155,0,Boeing 787,140.0,120.0
2026-10-10,2026-10-10 15:40,2026-11-09,30,DEL,BLR,DEL-BLR,AI,Air India,1,13053,INR,0,,09:30,9,12:20,12,False,170,170,0,Airbus A320neo,139.0,120.0
2026-10-10,2026-10-10 15:40,2026-11-09,30,DEL,BLR,DEL-BLR,AI,Air India,1,13053,INR,0,,20:30,20,23:25,23,False,175,175,0,Airbus A320neo,139.0,120.0
2026-10-10,2026-10-10 15:40,2026-11-09,30,DEL,BLR,DEL-BLR,AI,Air India,1,13163,INR,0,,06:00,6,08:50,8,False,170,170,0,Airbus A321,176.0,120.0
2026-10-10,2026-10-10 15:40,2026-11-09,30,DEL,BLR,DEL-BLR,AI,Air India,1,13268,INR,0,,10:55,10,13:50,13,False,175,175,0,Airbus A320neo,139.0,120.0
2026-10-10,2026-10-10 15:40,2026-11-09,30,DEL,BLR,DEL-BLR,AI,Air India,1,13268,INR,0,,15:00,15,17:45,17,False,165,165,0,Airbus A320neo,139.0,120.0
2026-10-10,2026-10-10 15:40,2026-11-09,30,DEL,BLR,DEL-BLR,AI,Air India,1,13378,INR,0,,07:30,7,10:20,10,False,170,170,0,Airbus A320neo,139.0,120.0
2026-10-10,2026-10-10 15:40,2026-11-09,30,DEL,BLR,DEL-BLR,AI,Air India,1,13378,INR,0,,12:00,12,14:45,14,False,165,165,0,Airbus A320neo,139.0,120.0
2026-10-10,2026-10-10 15:40,2026-11-09,30,DEL,BLR,DEL-BLR,QP,Akasa Air,1,13430,INR,0,,19:05,19,22:00,22,False,175,175,0,Boeing 737MAX 8 Passenger,116.0,120.0
2026-10-10,2026-10-10 15:40,2026-11-09,30,DEL,BLR,DEL-BLR,IX,Air India Express,1,14129,INR,0,,21:10,21,00:10,0,True,180,180,0,Airbus A320neo,134.0,120.0
2026-10-10,2026-10-10 15:40,2026-11-09,30,DEL,BLR,DEL-BLR,IX,Air India Express,1,14780,INR,0,,08:35,8,11:35,11,False,180,180,0,Boeing 737MAX 8 Passenger,138.0,120.0
2026-10-10,2026-10-10 15:40,2026-11-24,45,DEL,BLR,DEL-BLR,IX,Air India Express,1,10432,INR,1,NMI,05:30,5,19:10,19,False,820,235,585,Boeing 737MAX 8 Passenger | Boeing 737MAX 8 Passenger,181.0,120.0
2026-10-10,2026-10-10 15:40,2026-11-24,45,DEL,BLR,DEL-BLR,SG,SpiceJet,1,10510,INR,0,,06:30,6,09:25,9,False,175,175,0,Boeing 737,138.0,120.0
2026-10-10,2026-10-10 15:40,2026-11-24,45,DEL,BLR,DEL-BLR,AI,Air India,1,10769,INR,0,,21:30,21,00:25,0,True,175,175,0,Airbus A320neo,139.0,120.0
2026-10-10,2026-10-10 15:40,2026-11-24,45,DEL,BLR,DEL-BLR,QP,Akasa Air,1,11059,INR,0,,19:05,19,22:00,22,False,175,175,0,Boeing 737MAX 8 Passenger,116.0,120.0
2026-10-10,2026-10-10 15:40,2026-11-24,45,DEL,BLR,DEL-BLR,QP,Akasa Air,1,11059,INR,0,,22:55,22,02:00,2,True,185,185,0,Boeing 737MAX 8 Passenger,122.0,120.0
2026-10-10,2026-10-10 15:40,2026-11-24,45,DEL,BLR,DEL-BLR,AI,Air India,1,11247,INR,0,,06:00,6,08:50,8,False,170,170,0,Airbus A321,176.0,120.0
2026-10-10,2026-10-10 15:40,2026-11-24,45,DEL,BLR,DEL-BLR,AI,Air India,1,11436,INR,0,,12:00,12,14:45,14,False,165,165,0,Airbus A320neo,139.0,120.0
2026-10-10,2026-10-10 15:40,2026-11-24,45,DEL,BLR,DEL-BLR,QP,Akasa Air,1,11600,INR,0,,20:50,20,23:40,23,False,170,170,0,Boeing 737MAX 8 Passenger,122.0,120.0
2026-10-10,2026-10-10 15:40,2026-11-24,45,DEL,BLR,DEL-BLR,AI,Air India,1,11751,INR,0,,00:15,0,03:05,3,False,170,170,0,Airbus A320neo,139.0,120.0
2026-10-10,2026-10-10 15:40,2026-11-24,45,DEL,BLR,DEL-BLR,AI,Air India,1,11751,INR,0,,19:25,19,22:15,22,False,170,170,0,Airbus A320neo,139.0,120.0
2026-10-10,2026-10-10 15:40,2026-11-24,45,DEL,BLR,DEL-BLR,AI,Air India,1,11751,INR,0,,20:30,20,23:25,23,False,175,175,0,Airbus A320neo,139.0,120.0
2026-10-10,2026-10-10 15:40,2026-11-24,45,DEL,BLR,DEL-BLR,AI,Air India,1,12281,INR,0,,13:00,13,15:50,15,False,170,170,0,Airbus A320neo,139.0,120.0
2026-10-10,2026-10-10 15:40,2026-11-24,45,DEL,BLR,DEL-BLR,QP,Akasa Air,1,12576,INR,0,,08:45,8,11:40,11,False,175,175,0,Boeing 737MAX 8 Passenger,122.0,120.0
2026-10-10,2026-10-10 15:40,2026-11-24,45,DEL,BLR,DEL-BLR,AI,Air India,1,12838,INR,0,,10:55,10,13:50,13,False,175,175,0,Airbus A320neo,139.0,120.0
2026-10-10,2026-10-10 15:40,2026-11-24,45,DEL,BLR,DEL-BLR,AI,Air India,1,13053,INR,0,,15:00,15,17:45,17,False,165,165,0,Airbus A320neo,139.0,120.0
2026-10-10,2026-10-10 15:40,2026-11-24,45,DEL,BLR,DEL-BLR,IX,Air India Express,1,13510,INR,0,,21:10,21,00:10,0,True,180,180,0,Airbus A320neo,134.0,120.0
2026-10-10,2026-10-10 15:40,2026-11-24,45,DEL,BLR,DEL-BLR,AI,Air India,1,13772,INR,0,,07:30,7,10:20,10,False,170,170,0,Airbus A320neo,139.0,120.0
2026-10-10,2026-10-10 15:40,2026-11-24,45,DEL,BLR,DEL-BLR,AI,Air India,1,13772,INR,0,,08:35,8,11:10,11,False,155,155,0,Boeing 787,140.0,120.0
2026-10-10,2026-10-10 15:40,2026-11-24,45,DEL,BLR,DEL-BLR,AI,Air India,1,13772,INR,0,,18:00,18,20:50,20,False,170,170,0,Airbus A320neo,139.0,120.0
2026-10-10,2026-10-10 15:40,2026-11-24,45,DEL,BLR,DEL-BLR,IX,Air India Express,1,14129,INR,0,,07:30,7,10:25,10,False,175,175,0,Boeing 737MAX 8 Passenger,138.0,120.0
2026-10-10,2026-10-10 15:40,2026-11-24,45,DEL,BLR,DEL-BLR,AI,Air India,1,15746,INR,0,,09:30,9,12:20,12,False,170,170,0,Airbus A320neo,139.0,120.0
2026-10-10,2026-10-10 15:40,2026-12-09,60,DEL,BLR,DEL-BLR,SG,SpiceJet,1,10510,INR,0,,06:30,6,09:25,9,False,175,175,0,Boeing 737,136.0,120.0
2026-10-10,2026-10-10 15:40,2026-12-09,60,DEL,BLR,DEL-BLR,IX,Air India Express,1,10747,INR,1,NMI,05:30,5,19:10,19,False,820,235,585,Boeing 737MAX 8 Passenger | Boeing 737MAX 8 Passenger,176.0,120.0
2026-10-10,2026-10-10 15:40,2026-12-09,60,DEL,BLR,DEL-BLR,QP,Akasa Air,1,11059,INR,0,,08:45,8,11:40,11,False,175,175,0,Boeing 737MAX 8 Passenger,119.0,120.0
2026-10-10,2026-10-10 15:40,2026-12-09,60,DEL,BLR,DEL-BLR,QP,Akasa Air,1,11059,INR,0,,20:50,20,23:40,23,False,170,170,0,Boeing 737MAX 8 Passenger,119.0,120.0
2026-10-10,2026-10-10 15:40,2026-12-09,60,DEL,BLR,DEL-BLR,QP,Akasa Air,1,11238,INR,0,,14:30,14,17:15,17,False,165,165,0,Boeing 737MAX 8 Passenger,114.0,120.0
2026-10-10,2026-10-10 15:40,2026-12-09,60,DEL,BLR,DEL-BLR,QP,Akasa Air,1,11238,INR,0,,22:55,22,02:00,2,True,185,185,0,Boeing 737MAX 8 Passenger,119.0,120.0
2026-10-10,2026-10-10 15:40,2026-12-09,60,DEL,BLR,DEL-BLR,IX,Air India Express,1,11284,INR,0,,07:30,7,10:25,10,False,175,175,0,Boeing 737MAX 8 Passenger,134.0,120.0
2026-10-10,2026-10-10 15:40,2026-12-09,60,DEL,BLR,DEL-BLR,QP,Akasa Air,1,11417,INR,0,,19:05,19,22:00,22,False,175,175,0,Boeing 737MAX 8 Passenger,114.0,120.0
2026-10-10,2026-10-10 15:40,2026-12-09,60,DEL,BLR,DEL-BLR,AI,Air India,1,11751,INR,0,,06:00,6,08:50,8,False,170,170,0,Airbus A321,171.0,120.0
2026-10-10,2026-10-10 15:40,2026-12-09,60,DEL,BLR,DEL-BLR,AI,Air India,1,11751,INR,0,,21:30,21,00:25,0,True,175,175,0,Airbus A320neo,135.0,120.0
2026-10-10,2026-10-10 15:40,2026-12-09,60,DEL,BLR,DEL-BLR,AI,Air India,1,12281,INR,0,,00:15,0,03:05,3,False,170,170,0,Airbus A320neo,135.0,120.0
2026-10-10,2026-10-10 15:40,2026-12-09,60,DEL,BLR,DEL-BLR,AI,Air India,1,12486,INR,0,,12:00,12,14:45,14,False,165,165,0,Airbus A320neo,135.0,120.0
2026-10-10,2026-10-10 15:40,2026-12-09,60,DEL,BLR,DEL-BLR,AI,Air India,1,12838,INR,0,,13:00,13,15:50,15,False,170,170,0,Airbus A320neo,135.0,120.0
2026-10-10,2026-10-10 15:40,2026-12-09,60,DEL,BLR,DEL-BLR,AI,Air India,1,12838,INR,0,,19:25,19,22:15,22,False,170,170,0,Airbus A320neo,135.0,120.0
2026-10-10,2026-10-10 15:40,2026-12-09,60,DEL,BLR,DEL-BLR,AI,Air India,1,12838,INR,0,,20:30,20,23:25,23,False,175,175,0,Airbus A320neo,135.0,120.0
2026-10-10,2026-10-10 15:40,2026-12-09,60,DEL,BLR,DEL-BLR,AI,Air India,1,13053,INR,0,,15:00,15,17:45,17,False,165,165,0,Airbus A320neo,135.0,120.0
2026-10-10,2026-10-10 15:40,2026-12-09,60,DEL,BLR,DEL-BLR,AI,Air India,1,13772,INR,0,,07:30,7,10:20,10,False,170,170,0,Airbus A320neo,135.0,120.0
2026-10-10,2026-10-10 15:40,2026-12-09,60,DEL,BLR,DEL-BLR,AI,Air India,1,13772,INR,0,,09:30,9,12:20,12,False,170,170,0,Airbus A320neo,135.0,120.0
2026-10-10,2026-10-10 15:40,2026-12-09,60,DEL,BLR,DEL-BLR,AI,Air India,1,13772,INR,0,,18:00,18,20:50,20,False,170,170,0,Airbus A320neo,135.0,120.0
2026-10-10,2026-10-10 15:40,2026-12-09,60,DEL,BLR,DEL-BLR,AI,Air India,1,15473,INR,0,,08:35,8,11:10,11,False,155,155,0,Boeing 787,136.0,120.0
2026-10-10,2026-10-10 15:40,2026-12-09,60,DEL,BLR,DEL-BLR,AI,Air India,1,15473,INR,0,,10:55,10,13:50,13,False,175,175,0,Airbus A320neo,135.0,120.0
2026-10-10,2026-10-10 15:40,2026-10-11,1,BOM,BLR,BOM-BLR,6E,IndiGo,1,6631,INR,1,MAA,04:05,4,08:05,8,False,240,180,60,Airbus A321neo | Airbus A321neo,118.0,70.0
2026-10-10,2026-10-10 15:40,2026-10-11,1,BOM,BLR,BOM-BLR,AI,Air India,1,6734,INR,0,,06:35,6,08:35,8,False,120,120,0,Airbus A320neo,83.0,70.0
2026-10-10,2026-10-10 15:40,2026-10-11,1,BOM,BLR,BOM-BLR,AI,Air India,1,7055,INR,0,,07:55,7,10:05,10,False,130,130,0,Airbus A320neo,83.0,70.0
2026-10-10,2026-10-10 15:40,2026-10-11,1,BOM,BLR,BOM-BLR,AI,Air India,1,7291,INR,0,,20:45,20,22:45,22,False,120,120,0,Airbus A320neo,83.0,70.0
2026-10-10,2026-10-10 15:40,2026-10-11,1,BOM,BLR,BOM-BLR,6E,IndiGo,1,7557,INR,1,GOI,05:00,5,08:25,8,False,205,135,70,Airbus A320neo | Airbus A320neo,100.0,70.0
2026-10-10,2026-10-10 15:40,2026-10-11,1,BOM,BLR,BOM-BLR,AI,Air India,1,7685,INR,0,,19:45,19,21:50,21,False,125,125,0,Airbus A320neo,83.0,70.0
2026-10-10,2026-10-10 15:40,2026-10-11,1,BOM,BLR,BOM-BLR,AI,Air India,1,7811,INR,0,,12:00,12,14:05,14,False,125,125,0,Airbus A320neo,83.0,70.0
2026-10-10,2026-10-10 15:40,2026-10-11,1,BOM,BLR,BOM-BLR,AI,Air India,1,7931,INR,0,,10:00,10,12:05,12,False,125,125,0,Airbus A320neo,83.0,70.0
2026-10-10,2026-10-10 15:40,2026-10-11,1,BOM,BLR,BOM-BLR,QP,Akasa Air,1,8179,INR,0,,21:45,21,23:35,23,False,110,110,0,Boeing 737MAX 8 Passenger,71.0,70.0
2026-10-10,2026-10-10 15:40,2026-10-11,1,BOM,BLR,BOM-BLR,AI,Air India,1,8840,INR,0,,18:30,18,20:35,20,False,125,125,0,Airbus A320neo,83.0,70.0
2026-10-10,2026-10-10 15:40,2026-10-11,1,BOM,BLR,BOM-BLR,AI,Air India,1,9338,INR,0,,15:25,15,17:35,17,False,130,130,0,Airbus A320neo,83.0,70.0
2026-10-10,2026-10-10 15:40,2026-10-11,1,BOM,BLR,BOM-BLR,AI,Air India,1,9338,INR,0,,17:30,17,19:35,19,False,125,125,0,Airbus A320neo,83.0,70.0
2026-10-10,2026-10-10 15:40,2026-10-11,1,BOM,BLR,BOM-BLR,QP,Akasa Air,1,10176,INR,0,,19:40,19,21:35,21,False,115,115,0,Boeing 737MAX 8 Passenger,70.0,70.0
2026-10-10,2026-10-10 15:40,2026-10-13,3,BOM,BLR,BOM-BLR,6E,IndiGo,1,7030,INR,1,GOI,13:55,13,18:20,18,False,265,150,115,Airbus A321neo | Airbus A321neo,91.0,70.0
2026-10-10,2026-10-10 15:40,2026-10-13,3,BOM,BLR,BOM-BLR,AI,Air India,1,7291,INR,0,,07:55,7,10:05,10,False,130,130,0,Airbus A320neo,83.0,70.0
2026-10-10,2026-10-10 15:40,2026-10-13,3,BOM,BLR,BOM-BLR,AI,Air India,1,7291,INR,0,,12:00,12,14:05,14,False,125,125,0,Airbus A320neo,83.0,70.0
2026-10-10,2026-10-10 15:40,2026-10-13,3,BOM,BLR,BOM-BLR,AI,Air India,1,7291,INR,0,,15:25,15,17:35,17,False,130,130,0,Airbus A320neo,83.0,70.0
2026-10-10,2026-10-10 15:40,2026-10-13,3,BOM,BLR,BOM-BLR,QP,Akasa Air,1,7365,INR,0,,21:45,21,23:35,23,False,110,110,0,Boeing 737MAX 8 Passenger,71.0,70.0
2026-10-10,2026-10-10 15:40,2026-10-13,3,BOM,BLR,BOM-BLR,AI,Air India,1,7527,INR,0,,10:00,10,12:05,12,False,125,125,0,Airbus A320neo,83.0,70.0
2026-10-10,2026-10-10 15:40,2026-10-13,3,BOM,BLR,BOM-BLR,AI,Air India,1,7527,INR,0,,17:30,17,19:35,19,False,125,125,0,Airbus A320neo,83.0,70.0
2026-10-10,2026-10-10 15:40,2026-10-13,3,BOM,BLR,BOM-BLR,AI,Air India,1,7527,INR,0,,18:30,18,20:35,20,False,125,125,0,Airbus A320neo,83.0,70.0
2026-10-10,2026-10-10 15:40,2026-10-13,3,BOM,BLR,BOM-BLR,QP,Akasa Air,1,7624,INR,0,,08:20,8,10:10,10,False,110,110,0,Boeing 737MAX 8 Passenger,71.0,70.0
2026-10-10,2026-10-10 15:40,2026-10-13,3,BOM,BLR,BOM-BLR,QP,Akasa Air,1,7624,INR,0,,19:40,19,21:35,21,False,115,115,0,Boeing 737MAX 8 Passenger,74.0,70.0
2026-10-10,2026-10-10 15:40,2026-10-13,3,BOM,BLR,BOM-BLR,AI,Air India,1,9029,INR,0,,19:45,19,21:50,21,False,125,125,0,Airbus A320neo,83.0,70.0
2026-10-10,2026-10-10 15:40,2026-10-13,3,BOM,BLR,BOM-BLR,AI,Air India,1,9338,INR,0,,06:35,6,08:35,8,False,120,120,0,Airbus A320neo,83.0,70.0
2026-10-10,2026-10-10 15:40,2026-10-13,3,BOM,BLR,BOM-BLR,AI,Air India,1,15071,INR,0,,20:45,20,22:45,22,False,120,120,0,Airbus A320neo,83.0,70.0
2026-10-10,2026-10-10 15:40,2026-10-17,7,BOM,BLR,BOM-BLR,6E,IndiGo,1,6080,INR,1,GOI,16:40,16,22:15,22,False,335,165,170,Airbus A320 | Airbus A320neo,108.0,70.0
2026-10-10,2026-10-10 15:40,2026-10-17,7,BOM,BLR,BOM-BLR,6E,IndiGo,1,6552,INR,1,NAG,16:55,16,21:20,21,False,265,200,65,Airbus A320neo | Airbus A320neo,138.0,70.0
2026-10-10,2026-10-10 15:40,2026-10-17,7,BOM,BLR,BOM-BLR,6E,IndiGo,1,6631,INR,1,MAA,13:45,13,18:45,18,False,300,185,115,Airbus A321neo | Airbus A320neo,121.0,70.0
2026-10-10,2026-10-10 15:40,2026-10-17,7,BOM,BLR,BOM-BLR,6E,IndiGo,1,6631,INR,1,MAA,15:25,15,20:10,20,False,285,190,95,Airbus A321neo | Airbus A320neo,121.0,70.0
2026-10-10,2026-10-10 15:40,2026-10-17,7,BOM,BLR,BOM-BLR,6E,IndiGo,1,6631,INR,1,IXM,18:15,18,22:35,22,False,260,195,65,Airbus A321neo | Airbus A321neo,126.0,70.0
2026-10-10,2026-10-10 15:40,2026-10-17,7,BOM,BLR,BOM-BLR,AI,Air India,1,7291,INR,0,,06:35,6,08:35,8,False,120,120,0,Airbus A320neo,83.0,70.0
2026-10-10,2026-10-10 15:40,2026-10-17,7,BOM,BLR,BOM-BLR,AI,Air India,1,7685,INR,0,,19:45,19,21:50,21,False,125,125,0,Airbus A320neo,83.0,70.0
2026-10-10,2026-10-10 15:40,2026-10-17,7,BOM,BLR,BOM-BLR,QP,Akasa Air,1,7894,INR,0,,00:40,0,02:30,2,False,110,110,0,Boeing 737MAX 8 Passenger,74.0,70.0
2026-10-10,2026-10-10 15:40,2026-10-17,7,BOM,BLR,BOM-BLR,QP,Akasa Air,1,7894,INR,0,,19:40,19,21:35,21,False,115,115,0,Boeing 737MAX 8 Passenger,70.0,70.0
2026-10-10,2026-10-10 15:40,2026-10-17,7,BOM,BLR,BOM-BLR,AI,Air India,1,8105,INR,0,,23:30,23,01:35,1,True,125,125,0,Airbus A320neo,83.0,70.0
2026-10-10,2026-10-10 15:40,2026-10-17,7,BOM,BLR,BOM-BLR,AI,Air India,1,8236,INR,0,,12:00,12,14:05,14,False,125,125,0,Airbus A320neo,83.0,70.0
2026-10-10,2026-10-10 15:40,2026-10-17,7,BOM,BLR,BOM-BLR,AI,Air India,1,8236,INR,0,,15:25,15,17:35,17,False,130,130,0,Airbus A320neo,83.0,70.0
2026-10-10,2026-10-10 15:40,2026-10-17,7,BOM,BLR,BOM-BLR,AI,Air India,1,8372,INR,0,,17:30,17,19:35,19,False,125,125,0,Airbus A320neo,83.0,70.0
2026-10-10,2026-10-10 15:40,2026-10-17,7,BOM,BLR,BOM-BLR,AI,Air India,1,8551,INR,0,,02:05,2,04:10,4,False,125,125,0,Airbus A320neo,83.0,70.0
2026-10-10,2026-10-10 15:40,2026-10-17,7,BOM,BLR,BOM-BLR,AI,Air India,1,8551,INR,0,,07:55,7,10:05,10,False,130,130,0,Airbus A320neo,83.0,70.0
2026-10-10,2026-10-10 15:40,2026-10-17,7,BOM,BLR,BOM-BLR,AI,Air India,1,8840,INR,0,,10:00,10,12:05,12,False,125,125,0,Airbus A320neo,83.0,70.0
2026-10-10,2026-10-10 15:40,2026-10-17,7,BOM,BLR,BOM-BLR,AI,Air India,1,8840,INR,0,,18:30,18,20:35,20,False,125,125,0,Airbus A320neo,83.0,70.0
2026-10-10,2026-10-10 15:40,2026-10-24,14,BOM,BLR,BOM-BLR,6E,IndiGo,1,7077,INR,1,MAA,04:05,4,08:05,8,False,240,180,60,Airbus A321neo | Airbus A321neo,118.0,70.0
2026-10-10,2026-10-10 15:40,2026-10-24,14,BOM,BLR,BOM-BLR,6E,IndiGo,1,7077,INR,1,IXM,18:15,18,22:35,22,False,260,195,65,Airbus A321neo | Airbus A321neo,126.0,70.0
2026-10-10,2026-10-10 15:40,2026-10-24,14,BOM,BLR,BOM-BLR,6E,IndiGo,1,7557,INR,1,HBX,18:05,18,21:50,21,False,225,165,60,Airbus A320 | ATR 72,102.0,70.0
2026-10-10,2026-10-10 15:40,2026-10-24,14,BOM,BLR,BOM-BLR,SG,SpiceJet,1,8158,INR,0,,20:50,20,22:55,22,False,125,125,0,Boeing 737,83.0,70.0
2026-10-10,2026-10-10 15:40,2026-10-24,14,BOM,BLR,BOM-BLR,SG,SpiceJet,1,8796,INR,0,,16:10,16,18:10,18,False,120,120,0,Airbus A321,89.0,70.0
2026-10-10,2026-10-10 15:40,2026-10-24,14,BOM,BLR,BOM-BLR,QP,Akasa Air,1,9110,INR,0,,21:45,21,23:35,23,False,110,110,0,Boeing 737MAX 8 Passenger,71.0,70.0
2026-10-10,2026-10-10 15:40,2026-10-24,14,BOM,BLR,BOM-BLR,AI,Air India,1,10588,INR,0,,02:05,2,04:10,4,False,125,125,0,Airbus A320neo,83.0,70.0
2026-10-10,2026-10-10 15:40,2026-10-24,14,BOM,BLR,BOM-BLR,AI,Air India,1,10588,INR,0,,07:55,7,10:05,10,False,130,130,0,Airbus A320neo,83.0,70.0
2026-10-10,2026-10-10 15:40,2026-10-24,14,BOM,BLR,BOM-BLR,AI,Air India,1,10588,INR,0,,19:45,19,21:50,21,False,125,125,0,Airbus A320neo,83.0,70.0
2026-10-10,2026-10-10 15:40,2026-10-24,14,BOM,BLR,BOM-BLR,AI,Air India,1,10588,INR,0,,20:45,20,22:45,22,False,120,120,0,Airbus A320neo,83.0,70.0
2026-10-10,2026-10-10 15:40,2026-10-24,14,BOM,BLR,BOM-BLR,AI,Air India,1,10588,INR,0,,23:30,23,01:35,1,True,125,125,0,Airbus A320neo,83.0,70.0
2026-10-10,2026-10-10 15:40,2026-10-24,14,BOM,BLR,BOM-BLR,AI,Air India,1,10772,INR,0,,12:00,12,14:05,14,False,125,125,0,Airbus A320neo,83.0,70.0
2026-10-10,2026-10-10 15:40,2026-10-24,14,BOM,BLR,BOM-BLR,AI,Air India,1,10772,INR,0,,15:30,15,17:35,17,False,125,125,0,Airbus A320neo,83.0,70.0
2026-10-10,2026-10-10 15:40,2026-10-24,14,BOM,BLR,BOM-BLR,AI,Air India,1,10955,INR,0,,10:00,10,12:05,12,False,125,125,0,Airbus A320neo,83.0,70.0
2026-10-10,2026-10-10 15:40,2026-10-24,14,BOM,BLR,BOM-BLR,AI,Air India,1,10955,INR,0,,17:30,17,19:35,19,False,125,125,0,Airbus A320neo,83.0,70.0
2026-10-10,2026-10-10 15:40,2026-10-24,14,BOM,BLR,BOM-BLR,AI,Air India,1,10955,INR,0,,18:30,18,20:35,20,False,125,125,0,Airbus A320neo,83.0,70.0
2026-10-10,2026-10-10 15:40,2026-10-24,14,BOM,BLR,BOM-BLR,QP,Akasa Air,1,13296,INR,0,,19:40,19,21:35,21,False,115,115,0,Boeing 737MAX 8 Passenger,70.0,70.0
2026-10-10,2026-10-10 15:40,2026-10-31,21,BOM,BLR,BOM-BLR,6E,IndiGo,1,6316,INR,1,IXE,08:45,8,12:40,12,False,235,145,90,Airbus A320neo | Airbus A320neo,106.0,70.0
2026-10-10,2026-10-10 15:40,2026-10-31,21,BOM,BLR,BOM-BLR,6E,IndiGo,1,6316,INR,1,HYD,16:40,16,20:55,20,False,255,190,65,Airbus A321neo | Airbus A321neo,105.0,70.0
2026-10-10,2026-10-10 15:40,2026-10-31,21,BOM,BLR,BOM-BLR,6E,IndiGo,1,6526,INR,1,GOI,13:55,13,19:15,19,False,320,145,175,Airbus A321neo | Airbus A321neo,91.0,70.0
2026-10-10,2026-10-10 15:40,2026-10-31,21,BOM,BLR,BOM-BLR,6E,IndiGo,1,6526,INR,1,GOI,17:20,17,22:05,22,False,285,155,130,Airbus A320neo | Airbus A321neo,96.0,70.0
2026-10-10,2026-10-10 15:40,2026-10-31,21,BOM,BLR,BOM-BLR,QP,Akasa Air,1,7365,INR,0,,23:10,23,01:00,1,True,110,110,0,Boeing 737MAX 8 Passenger,73.0,70.0
2026-10-10,2026-10-10 15:40,2026-10-31,21,BOM,BLR,BOM-BLR,SG,SpiceJet,1,7521,INR,0,,23:15,23,01:10,1,True,115,115,0,Boeing 737,83.0,70.0
2026-10-10,2026-10-10 15:40,2026-10-31,21,BOM,BLR,BOM-BLR,SG,SpiceJet,1,7541,INR,0,,00:30,0,02:30,2,False,120,120,0,Airbus A320,86.0,70.0
2026-10-10,2026-10-10 15:40,2026-10-31,21,BOM,BLR,BOM-BLR,QP,Akasa Air,1,7624,INR,0,,21:10,21,23:00,23,False,110,110,0,Boeing 737MAX 8 Passenger,73.0,70.0
2026-10-10,2026-10-10 15:40,2026-10-31,21,BOM,BLR,BOM-BLR,AI,Air India,1,8231,INR,0,,18:00,18,19:50,19,False,110,110,0,Airbus A320neo,83.0,70.0
2026-10-10,2026-10-10 15:40,2026-10-31,21,BOM,BLR,BOM-BLR,AI,Air India,1,8372,INR,0,,17:30,17,19:20,19,False,110,110,0,Airbus A320neo,83.0,70.0
2026-10-10,2026-10-10 15:40,2026-10-31,21,BOM,BLR,BOM-BLR,AI,Air India,1,8372,INR,0,,19:15,19,21:05,21,False,110,110,0,Airbus A320neo,83.0,70.0
2026-10-10,2026-10-10 15:40,2026-10-31,21,BOM,BLR,BOM-BLR,AI,Air India,1,8693,INR,0,,15:35,15,17:25,17,False,110,110,0,Airbus A320neo,83.0,70.0
2026-10-10,2026-10-10 15:40,2026-10-31,21,BOM,BLR,BOM-BLR,AI,Air India,1,8708,INR,0,,14:00,14,15:45,15,False,105,105,0,Airbus A320neo,83.0,70.0
2026-10-10,2026-10-10 15:40,2026-10-31,21,BOM,BLR,BOM-BLR,QP,Akasa Air,1,8787,INR,0,,08:15,8,10:05,10,False,110,110,0,Boeing 737MAX 8 Passenger,74.0,70.0
2026-10-10,2026-10-10 15:40,2026-10-31,21,BOM,BLR,BOM-BLR,SG,SpiceJet,1,9146,INR,0,,16:10,16,18:10,18,False,120,120,0,Airbus A320,86.0,70.0
2026-10-10,2026-10-10 15:40,2026-10-31,21,BOM,BLR,BOM-BLR,AI,Air India,1,9181,INR,0,,12:00,12,13:45,13,False,105,105,0,Airbus A320neo,83.0,70.0
2026-10-10,2026-10-10 15:40,2026-10-31,21,BOM,BLR,BOM-BLR,AI,Air India,1,9223,INR,0,,11:00,11,12:45,12,False,105,105,0,Airbus A320neo,83.0,70.0
2026-10-10,2026-10-10 15:40,2026-10-31,21,BOM,BLR,BOM-BLR,AI,Air India,1,9338,INR,0,,09:55,9,11:45,11,False,110,110,0,Airbus A320neo,83.0,70.0
2026-10-10,2026-10-10 15:40,2026-10-31,21,BOM,BLR,BOM-BLR,QP,Akasa Air,1,9805,INR,0,,08:35,8,10:20,10,False,105,105,0,Boeing 737MAX 8 Passenger,73.0,70.0
2026-10-10,2026-10-10 15:40,2026-10-31,21,BOM,BLR,BOM-BLR,AI,Air India,1,10588,INR,0,,06:35,6,08:20,8,False,105,105,0,Airbus A320neo,83.0,70.0
2026-10-10,2026-10-10 15:40,2026-10-31,21,BOM,BLR,BOM-BLR,AI,Air India,1,10588,INR,0,,08:00,8,09:40,9,False,100,100,0,Airbus A320neo,83.0,70.0
2026-10-10,2026-10-10 15:40,2026-11-09,30,BOM,BLR,BOM-BLR,6E,IndiGo,1,6316,INR,1,HYD,05:30,5,10:45,10,False,315,170,145,Airbus A321neo | Airbus A321neo,103.0,70.0
2026-10-10,2026-10-10 15:40,2026-11-09,30,BOM,BLR,BOM-BLR,6E,IndiGo,1,6316,INR,1,HYD,10:10,10,14:45,14,False,275,175,100,Airbus A321neo | Airbus A321neo,103.0,70.0
2026-10-10,2026-10-10 15:40,2026-11-09,30,BOM,BLR,BOM-BLR,6E,IndiGo,1,6316,INR,1,HYD,12:00,12,16:05,16,False,245,170,75,Airbus A321neo | Airbus A321neo,103.0,70.0
2026-10-10,2026-10-10 15:40,2026-11-09,30,BOM,BLR,BOM-BLR,6E,IndiGo,1,6316,INR,1,HYD,16:40,16,20:55,20,False,255,190,65,Airbus A321neo | Airbus A321neo,103.0,70.0
2026-10-10,2026-10-10 15:40,2026-11-09,30,BOM,BLR,BOM-BLR,6E,IndiGo,1,6316,INR,1,IXE,19:05,19,22:35,22,False,210,150,60,Airbus A321neo | Airbus A321neo,95.0,70.0
2026-10-10,2026-10-10 15:40,2026-11-09,30,BOM,BLR,BOM-BLR,6E,IndiGo,1,6526,INR,1,GOI,04:30,4,09:15,9,False,285,135,150,Airbus A320neo | Airbus A321neo,93.0,70.0
2026-10-10,2026-10-10 15:40,2026-11-09,30,BOM,BLR,BOM-BLR,6E,IndiGo,1,7077,INR,1,MAA,07:15,7,11:25,11,False,250,185,65,Airbus A321neo | Airbus A321neo,115.0,70.0
2026-10-10,2026-10-10 15:40,2026-11-09,30,BOM,BLR,BOM-BLR,6E,IndiGo,1,7077,INR,1,MAA,08:20,8,13:45,13,False,325,200,125,Airbus A321neo | Airbus A321neo,115.0,70.0
2026-10-10,2026-10-10 15:40,2026-11-09,30,BOM,BLR,BOM-BLR,6E,IndiGo,1,7077,INR,1,MAA,13:05,13,17:25,17,False,260,200,60,Airbus A321neo | Airbus A321neo,115.0,70.0
2026-10-10,2026-10-10 15:40,2026-11-09,30,BOM,BLR,BOM-BLR,SG,SpiceJet,1,7541,INR,0,,00:30,0,02:30,2,False,120,120,0,Airbus A320,84.0,70.0
2026-10-10,2026-10-10 15:40,2026-11-09,30,BOM,BLR,BOM-BLR,AI,Air India,1,9086,INR,0,,02:05,2,03:50,3,False,105,105,0,Airbus A320neo,81.0,70.0
2026-10-10,2026-10-10 15:40,2026-11-09,30,BOM,BLR,BOM-BLR,AI,Air India,1,9086,INR,0,,18:00,18,19:50,19,False,110,110,0,Airbus A320neo,81.0,70.0
2026-10-10,2026-10-10 15:40,2026-11-09,30,BOM,BLR,BOM-BLR,AI,Air India,1,9396,INR,0,,19:15,19,21:05,21,False,110,110,0,Airbus A320neo,81.0,70.0
2026-10-10,2026-10-10 15:40,2026-11-09,30,BOM,BLR,BOM-BLR,QP,Akasa Air,1,9449,INR,0,,19:00,19,20:45,20,False,105,105,0,Boeing 737MAX 8 Passenger,71.0,70.0
2026-10-10,2026-10-10 15:40,2026-11-09,30,BOM,BLR,BOM-BLR,QP,Akasa Air,1,9449,INR,0,,21:10,21,23:00,23,False,110,110,0,Boeing 737MAX 8 Passenger,71.0,70.0
2026-10-10,2026-10-10 15:40,2026-11-09,30,BOM,BLR,BOM-BLR,SG,SpiceJet,1,10522,INR,0,,16:10,16,18:10,18,False,120,120,0,Airbus A320,84.0,70.0
2026-10-10,2026-10-10 15:40,2026-11-09,30,BOM,BLR,BOM-BLR,QP,Akasa Air,1,10971,INR,0,,08:35,8,10:20,10,False,105,105,0,Boeing 737MAX 8 Passenger,71.0,70.0
2026-10-10,2026-10-10 15:40,2026-11-09,30,BOM,BLR,BOM-BLR,AI,Air India,1,11013,INR,0,,15:35,15,17:25,17,False,110,110,0,Airbus A320neo,81.0,70.0
2026-10-10,2026-10-10 15:40,2026-11-09,30,BOM,BLR,BOM-BLR,AI,Air India,1,11013,INR,0,,17:30,17,19:20,19,False,110,110,0,Airbus A320neo,81.0,70.0
2026-10-10,2026-10-10 15:40,2026-11-09,30,BOM,BLR,BOM-BLR,AI,Air India,1,12530,INR,0,,11:00,11,12:45,12,False,105,105,0,Airbus A320neo,81.0,70.0
2026-10-10,2026-10-10 15:40,2026-11-09,30,BOM,BLR,BOM-BLR,AI,Air India,1,12530,INR,0,,13:50,13,15:45,15,False,115,115,0,Airbus A320neo,81.0,70.0
2026-10-10,2026-10-10 15:40,2026-11-09,30,BOM,BLR,BOM-BLR,AI,Air India,1,12756,INR,0,,12:00,12,13:45,13,False,105,105,0,Airbus A320neo,81.0,70.0
2026-10-10,2026-10-10 15:40,2026-11-09,30,BOM,BLR,BOM-BLR,AI,Air India,1,12977,INR,0,,06:35,6,08:20,8,False,105,105,0,Airbus A320neo,81.0,70.0
2026-10-10,2026-10-10 15:40,2026-11-09,30,BOM,BLR,BOM-BLR,AI,Air India,1,12977,INR,0,,09:55,9,11:45,11,False,110,110,0,Airbus A320neo,81.0,70.0
2026-10-10,2026-10-10 15:40,2026-11-09,30,BOM,BLR,BOM-BLR,AI,Air India,1,17192,INR,0,,08:00,8,09:40,9,False,100,100,0,Airbus A320neo,81.0,70.0
2026-10-10,2026-10-10 15:40,2026-11-24,45,BOM,BLR,BOM-BLR,6E,IndiGo,1,6080,INR,1,GOI,13:55,13,19:15,19,False,320,145,175,Airbus A321neo | Airbus A321neo,89.0,70.0
2026-10-10,2026-10-10 15:40,2026-11-24,45,BOM,BLR,BOM-BLR,6E,IndiGo,1,6080,INR,1,GOI,17:20,17,22:05,22,False,285,155,130,Airbus A320neo | Airbus A321neo,93.0,70.0
2026-10-10,2026-10-10 15:40,2026-11-24,45,BOM,BLR,BOM-BLR,6E,IndiGo,1,6316,INR,1,HYD,12:00,12,16:05,16,False,245,170,75,Airbus A321neo | Airbus A321neo,103.0,70.0
2026-10-10,2026-10-10 15:40,2026-11-24,45,BOM,BLR,BOM-BLR,6E,IndiGo,1,6316,INR,1,IXE,19:05,19,22:35,22,False,210,150,60,Airbus A321neo | Airbus A321neo,95.0,70.0
2026-10-10,2026-10-10 15:40,2026-11-24,45,BOM,BLR,BOM-BLR,SG,SpiceJet,1,7079,INR,0,,23:15,23,01:10,1,True,115,115,0,Boeing 737,81.0,70.0
2026-10-10,2026-10-10 15:40,2026-11-24,45,BOM,BLR,BOM-BLR,SG,SpiceJet,1,7521,INR,0,,16:10,16,18:10,18,False,120,120,0,Airbus A320,84.0,70.0
2026-10-10,2026-10-10 15:40,2026-11-24,45,BOM,BLR,BOM-BLR,AI,Air India,1,7737,INR,0,,02:05,2,03:50,3,False,105,105,0,Airbus A320neo,81.0,70.0
2026-10-10,2026-10-10 15:40,2026-11-24,45,BOM,BLR,BOM-BLR,QP,Akasa Air,1,7894,INR,0,,05:45,5,07:35,7,False,110,110,0,Boeing 737MAX 8 Passenger,68.0,70.0
2026-10-10,2026-10-10 15:40,2026-11-24,45,BOM,BLR,BOM-BLR,QP,Akasa Air,1,7894,INR,0,,21:10,21,23:00,23,False,110,110,0,Boeing 737MAX 8 Passenger,71.0,70.0
2026-10-10,2026-10-10 15:40,2026-11-24,45,BOM,BLR,BOM-BLR,AI,Air India,1,7989,INR,0,,19:15,19,21:05,21,False,110,110,0,Airbus A320neo,81.0,70.0
2026-10-10,2026-10-10 15:40,2026-11-24,45,BOM,BLR,BOM-BLR,AI,Air India,1,8057,INR,0,,20:45,20,22:35,22,False,110,110,0,Airbus A320neo,81.0,70.0
2026-10-10,2026-10-10 15:40,2026-11-24,45,BOM,BLR,BOM-BLR,AI,Air India,1,8157,INR,0,,15:35,15,17:25,17,False,110,110,0,Airbus A320neo,81.0,70.0
2026-10-10,2026-10-10 15:40,2026-11-24,45,BOM,BLR,BOM-BLR,AI,Air India,1,8157,INR,0,,18:00,18,19:50,19,False,110,110,0,Airbus A320neo,81.0,70.0
2026-10-10,2026-10-10 15:40,2026-11-24,45,BOM,BLR,BOM-BLR,QP,Akasa Air,1,8179,INR,0,,10:45,10,12:45,12,False,120,120,0,Boeing 737MAX 8 Passenger,71.0,70.0
2026-10-10,2026-10-10 15:40,2026-11-24,45,BOM,BLR,BOM-BLR,QP,Akasa Air,1,8179,INR,0,,23:10,23,01:00,1,True,110,110,0,Boeing 737MAX 8 Passenger,71.0,70.0
2026-10-10,2026-10-10 15:40,2026-11-24,45,BOM,BLR,BOM-BLR,AI,Air India,1,8430,INR,0,,17:30,17,19:20,19,False,110,110,0,Airbus A320neo,81.0,70.0
2026-10-10,2026-10-10 15:40,2026-11-24,45,BOM,BLR,BOM-BLR,QP,Akasa Air,1,8475,INR,0,,08:35,8,10:20,10,False,105,105,0,Boeing 737MAX 8 Passenger,71.0,70.0
2026-10-10,2026-10-10 15:40,2026-11-24,45,BOM,BLR,BOM-BLR,AI,Air India,1,8609,INR,0,,12:00,12,13:45,13,False,105,105,0,Airbus A320neo,81.0,70.0
2026-10-10,2026-10-10 15:40,2026-11-24,45,BOM,BLR,BOM-BLR,QP,Akasa Air,1,8787,INR,0,,08:40,8,10:35,10,False,115,115,0,Boeing 737MAX 8 Passenger,68.0,70.0
2026-10-10,2026-10-10 15:40,2026-11-24,45,BOM,BLR,BOM-BLR,AI,Air India,1,8892,INR,0,,06:35,6,08:20,8,False,105,105,0,Airbus A320neo,81.0,70.0
2026-10-10,2026-10-10 15:40,2026-11-24,45,BOM,BLR,BOM-BLR,AI,Air India,1,9086,INR,0,,08:00,8,09:40,9,False,100,100,0,Airbus A320neo,81.0,70.0
2026-10-10,2026-10-10 15:40,2026-11-24,45,BOM,BLR,BOM-BLR,AI,Air India,1,9086,INR,0,,11:00,11,12:45,12,False,105,105,0,Airbus A320neo,81.0,70.0
2026-10-10,2026-10-10 15:40,2026-11-24,45,BOM,BLR,BOM-BLR,AI,Air India,1,11013,INR,0,,09:55,9,11:45,11,False,110,110,0,Airbus A320neo,81.0,70.0
2026-10-10,2026-10-10 15:40,2026-12-09,60,BOM,BLR,BOM-BLR,6E,IndiGo,1,6080,INR,1,GOI,13:55,13,19:15,19,False,320,145,175,Airbus A321neo | Airbus A321neo,87.0,70.0
2026-10-10,2026-10-10 15:40,2026-12-09,60,BOM,BLR,BOM-BLR,6E,IndiGo,1,6316,INR,1,HYD,12:00,12,16:05,16,False,245,170,75,Airbus A321neo | Airbus A321neo,101.0,70.0
2026-10-10,2026-10-10 15:40,2026-12-09,60,BOM,BLR,BOM-BLR,6E,IndiGo,1,6316,INR,1,HYD,16:40,16,20:55,20,False,255,190,65,Airbus A321neo | Airbus A321neo,101.0,70.0
2026-10-10,2026-10-10 15:40,2026-12-09,60,BOM,BLR,BOM-BLR,SG,SpiceJet,1,6636,INR,0,,00:30,0,02:30,2,False,120,120,0,Airbus A320,83.0,70.0
2026-10-10,2026-10-10 15:40,2026-12-09,60,BOM,BLR,BOM-BLR,SG,SpiceJet,1,7079,INR,0,,23:15,23,01:10,1,True,115,115,0,Boeing 737,80.0,70.0
2026-10-10,2026-10-10 15:40,2026-12-09,60,BOM,BLR,BOM-BLR,AI,Air India,1,7737,INR,0,,02:05,2,03:50,3,False,105,105,0,Airbus A320neo,79.0,70.0
2026-10-10,2026-10-10 15:40,2026-12-09,60,BOM,BLR,BOM-BLR,QP,Akasa Air,1,7894,INR,0,,05:45,5,07:35,7,False,110,110,0,Boeing 737MAX 8 Passenger,67.0,70.0
2026-10-10,2026-10-10 15:40,2026-12-09,60,BOM,BLR,BOM-BLR,QP,Akasa Air,1,7894,INR,0,,21:10,21,23:00,23,False,110,110,0,Boeing 737MAX 8 Passenger,69.0,70.0
2026-10-10,2026-10-10 15:40,2026-12-09,60,BOM,BLR,BOM-BLR,AI,Air India,1,8057,INR,0,,20:45,20,22:35,22,False,110,110,0,Airbus A320neo,79.0,70.0
2026-10-10,2026-10-10 15:40,2026-12-09,60,BOM,BLR,BOM-BLR,AI,Air India,1,8157,INR,0,,14:00,14,15:45,15,False,105,105,0,Airbus A320neo,79.0,70.0
2026-10-10,2026-10-10 15:40,2026-12-09,60,BOM,BLR,BOM-BLR,AI,Air India,1,8157,INR,0,,15:35,15,17:25,17,False,110,110,0,Airbus A320neo,79.0,70.0
2026-10-10,2026-10-10 15:40,2026-12-09,60,BOM,BLR,BOM-BLR,QP,Akasa Air,1,8179,INR,0,,08:35,8,10:20,10,False,105,105,0,Boeing 737MAX 8 Passenger,69.0,70.0
2026-10-10,2026-10-10 15:40,2026-12-09,60,BOM,BLR,BOM-BLR,QP,Akasa Air,1,8179,INR,0,,23:10,23,01:00,1,True,110,110,0,Boeing 737MAX 8 Passenger,69.0,70.0
2026-10-10,2026-10-10 15:40,2026-12-09,60,BOM,BLR,BOM-BLR,QP,Akasa Air,1,8475,INR,0,,22:50,22,00:45,0,True,115,115,0,Boeing 737MAX 8 Passenger,67.0,70.0
2026-10-10,2026-10-10 15:40,2026-12-09,60,BOM,BLR,BOM-BLR,AI,Air India,1,8567,INR,0,,19:15,19,21:05,21,False,110,110,0,Airbus A320neo,79.0,70.0
2026-10-10,2026-10-10 15:40,2026-12-09,60,BOM,BLR,BOM-BLR,AI,Air India,1,8609,INR,0,,11:00,11,12:45,12,False,105,105,0,Airbus A320neo,79.0,70.0
2026-10-10,2026-10-10 15:40,2026-12-09,60,BOM,BLR,BOM-BLR,AI,Air India,1,8609,INR,0,,12:00,12,13:45,13,False,105,105,0,Airbus A320neo,79.0,70.0
2026-10-10,2026-10-10 15:40,2026-12-09,60,BOM,BLR,BOM-BLR,AI,Air India,1,9396,INR,0,,06:35,6,08:20,8,False,105,105,0,Airbus A320neo,79.0,70.0
2026-10-10,2026-10-10 15:40,2026-12-09,60,BOM,BLR,BOM-BLR,AI,Air India,1,9396,INR,0,,17:30,17,19:20,19,False,110,110,0,Airbus A320neo,79.0,70.0
2026-10-10,2026-10-10 15:40,2026-12-09,60,BOM,BLR,BOM-BLR,QP,Akasa Air,1,9449,INR,0,,08:00,8,10:00,10,False,120,120,0,Boeing 737MAX 8 Passenger,69.0,70.0
2026-10-10,2026-10-10 15:40,2026-12-09,60,BOM,BLR,BOM-BLR,AI,Air India,1,10640,INR,0,,08:00,8,09:40,9,False,100,100,0,Airbus A320neo,79.0,70.0
2026-10-10,2026-10-10 15:40,2026-12-09,60,BOM,BLR,BOM-BLR,AI,Air India,1,11013,INR,0,,09:55,9,11:45,11,False,110,110,0,Airbus A320neo,79.0,70.0
2026-10-10,2026-10-10 15:40,2026-10-11,1,DEL,CCU,DEL-CCU,SG,SpiceJet,1,9200,INR,0,,22:30,22,00:50,0,True,140,140,0,Boeing 737,135.0,98.0
2026-10-10,2026-10-10 15:40,2026-10-11,1,DEL,CCU,DEL-CCU,AI,Air India,1,9240,INR,0,,02:30,2,04:50,4,False,140,140,0,Airbus A320neo,114.0,98.0
2026-10-10,2026-10-10 15:40,2026-10-11,1,DEL,CCU,DEL-CCU,AI,Air India,1,9240,INR,0,,21:00,21,23:20,23,False,140,140,0,Airbus A320neo,114.0,98.0
2026-10-10,2026-10-10 15:40,2026-10-11,1,DEL,CCU,DEL-CCU,SG,SpiceJet,1,9732,INR,0,,06:10,6,08:30,8,False,140,140,0,Boeing 737,135.0,98.0
2026-10-10,2026-10-10 15:40,2026-10-11,1,DEL,CCU,DEL-CCU,SG,SpiceJet,1,10165,INR,0,,12:10,12,14:30,14,False,140,140,0,Boeing 737,135.0,98.0
2026-10-10,2026-10-10 15:40,2026-10-11,1,DEL,CCU,DEL-CCU,AI,Air India,1,10342,INR,0,,18:00,18,20:20,20,False,140,140,0,Airbus A320neo,114.0,98.0
2026-10-10,2026-10-10 15:40,2026-10-11,1,DEL,CCU,DEL-CCU,QP,Akasa Air,1,10646,INR,0,,17:00,17,19:15,19,False,135,135,0,Boeing 737MAX 8 Passenger,100.0,98.0
2026-10-10,2026-10-10 15:40,2026-10-11,1,DEL,CCU,DEL-CCU,AI,Air India,1,10957,INR,0,,06:40,6,08:50,8,False,130,130,0,Airbus A320neo,114.0,98.0
2026-10-10,2026-10-10 15:40,2026-10-11,1,DEL,CCU,DEL-CCU,AI,Air India,1,15393,INR,0,,16:15,16,18:35,18,False,140,140,0,Airbus A320neo,114.0,98.0
2026-10-10,2026-10-10 15:40,2026-10-11,1,DEL,CCU,DEL-CCU,AI,Air India,1,22312,INR,0,,09:55,9,12:15,12,False,140,140,0,Airbus A320neo,114.0,98.0
2026-10-10,2026-10-10 15:40,2026-10-11,1,DEL,CCU,DEL-CCU,AI,Air India,1,23772,INR,0,,13:00,13,15:20,15,False,140,140,0,Airbus A320neo,114.0,98.0
2026-10-10,2026-10-10 15:40,2026-10-13,3,DEL,CCU,DEL-CCU,SG,SpiceJet,1,8996,INR,0,,21:40,21,23:55,23,False,135,135,0,Airbus A320,119.0,98.0
2026-10-10,2026-10-10 15:40,2026-10-13,3,DEL,CCU,DEL-CCU,QP,Akasa Air,1,9658,INR,0,,17:00,17,19:15,19,False,135,135,0,Boeing 737MAX 8 Passenger,100.0,98.0
2026-10-10,2026-10-10 15:40,2026-10-13,3,DEL,CCU,DEL-CCU,6E,IndiGo,1,10907,INR,1,PAT,08:10,8,13:45,13,False,335,165,170,Airbus A320neo | Airbus A320neo,125.0,98.0
2026-10-10,2026-10-10 15:40,2026-10-13,3,DEL,CCU,DEL-CCU,AI,Air India,1,11692,INR,0,,06:40,6,08:50,8,False,130,130,0,Airbus A320neo,114.0,98.0
2026-10-10,2026-10-10 15:40,2026-10-13,3,DEL,CCU,DEL-CCU,AI,Air India,1,11692,INR,0,,19:40,19,21:50,21,False,130,130,0,Airbus A320neo,114.0,98.0
2026-10-10,2026-10-10 15:40,2026-10-13,3,DEL,CCU,DEL-CCU,AI,Air India,1,14479,INR,0,,09:55,9,12:15,12,False,140,140,0,Airbus A320neo,114.0,98.0
2026-10-10,2026-10-10 15:40,2026-10-13,3,DEL,CCU,DEL-CCU,AI,Air India,1,15393,INR,0,,16:15,16,18:35,18,False,140,140,0,Airbus A320neo,114.0,98.0
2026-10-10,2026-10-10 15:40,2026-10-13,3,DEL,CCU,DEL-CCU,AI,Air India,1,17477,INR,0,,18:00,18,20:20,20,False,140,140,0,Airbus A320neo,114.0,98.0
2026-10-10,2026-10-10 15:40,2026-10-13,3,DEL,CCU,DEL-CCU,AI,Air India,1,22312,INR,0,,02:30,2,04:50,4,False,140,140,0,Airbus A320neo,114.0,98.0
2026-10-10,2026-10-10 15:40,2026-10-13,3,DEL,CCU,DEL-CCU,AI,Air India,1,22312,INR,0,,12:10,12,14:25,14,False,135,135,0,Airbus A321,145.0,98.0
2026-10-10,2026-10-10 15:40,2026-10-13,3,DEL,CCU,DEL-CCU,AI,Air India,1,23772,INR,0,,13:00,13,15:20,15,False,140,140,0,Airbus A320neo,114.0,98.0
2026-10-10,2026-10-10 15:40,2026-10-17,7,DEL,CCU,DEL-CCU,6E,IndiGo,1,11522,INR,1,IXB,14:40,14,19:20,19,False,280,185,95,Airbus A321neo | Airbus A321neo,135.0,98.0
2026-10-10,2026-10-10 15:40,2026-10-17,7,DEL,CCU,DEL-CCU,6E,IndiGo,1,11653,INR,1,IDR,17:20,17,22:40,22,False,320,215,105,Airbus A321neo | Airbus A320neo,155.0,98.0
2026-10-10,2026-10-10 15:40,2026-10-17,7,DEL,CCU,DEL-CCU,6E,IndiGo,1,12111,INR,1,JAI,10:55,10,15:20,15,False,265,200,65,Airbus A320neo | Airbus A320neo,139.0,98.0
2026-10-10,2026-10-10 15:40,2026-10-17,7,DEL,CCU,DEL-CCU,SG,SpiceJet,1,13565,INR,0,,06:10,6,08:30,8,False,140,140,0,Boeing 737,135.0,98.0
2026-10-10,2026-10-10 15:40,2026-10-17,7,DEL,CCU,DEL-CCU,SG,SpiceJet,1,14280,INR,0,,20:10,20,22:30,22,False,140,140,0,Airbus A320,119.0,98.0
2026-10-10,2026-10-10 15:40,2026-10-17,7,DEL,CCU,DEL-CCU,AI,Air India,1,15393,INR,0,,16:15,16,18:35,18,False,140,140,0,Airbus A320neo,114.0,98.0
2026-10-10,2026-10-10 15:40,2026-10-17,7,DEL,CCU,DEL-CCU,AI,Air India,1,15393,INR,0,,18:00,18,20:20,20,False,140,140,0,Airbus A320neo,114.0,98.0
2026-10-10,2026-10-10 15:40,2026-10-17,7,DEL,CCU,DEL-CCU,AI,Air India,1,15393,INR,0,,19:40,19,21:50,21,False,130,130,0,Airbus A320neo,114.0,98.0
2026-10-10,2026-10-10 15:40,2026-10-17,7,DEL,CCU,DEL-CCU,AI,Air India,1,15393,INR,0,,21:00,21,23:20,23,False,140,140,0,Airbus A320neo,114.0,98.0
2026-10-10,2026-10-10 15:40,2026-10-17,7,DEL,CCU,DEL-CCU,QP,Akasa Air,1,17467,INR,0,,05:55,5,08:15,8,False,140,140,0,Boeing 737MAX 8 Passenger,100.0,98.0
2026-10-10,2026-10-10 15:40,2026-10-17,7,DEL,CCU,DEL-CCU,AI,Air India,1,23772,INR,0,,02:30,2,04:50,4,False,140,140,0,Airbus A320neo,114.0,98.0
2026-10-10,2026-10-10 15:40,2026-10-17,7,DEL,CCU,DEL-CCU,AI,Air India,1,23772,INR,0,,06:40,6,08:50,8,False,130,130,0,Airbus A320neo,114.0,98.0
2026-10-10,2026-10-10 15:40,2026-10-17,7,DEL,CCU,DEL-CCU,AI,Air India,1,23772,INR,0,,09:55,9,12:15,12,False,140,140,0,Airbus A320neo,114.0,98.0
2026-10-10,2026-10-10 15:40,2026-10-17,7,DEL,CCU,DEL-CCU,AI,Air India,1,23772,INR,0,,13:00,13,15:20,15,False,140,140,0,Airbus A320neo,114.0,98.0
2026-10-10,2026-10-10 15:40,2026-10-24,14,DEL,CCU,DEL-CCU,6E,IndiGo,1,11522,INR,1,IXB,14:40,14,19:20,19,False,280,185,95,Airbus A321neo | Airbus A321neo,135.0,98.0
2026-10-10,2026-10-10 15:40,2026-10-24,14,DEL,CCU,DEL-CCU,6E,IndiGo,1,12776,INR,1,GOP,08:00,8,12:25,12,False,265,170,95,Airbus A320neo | Airbus A320neo,127.0,98.0
2026-10-10,2026-10-10 15:40,2026-10-24,14,DEL,CCU,DEL-CCU,SG,SpiceJet,1,13375,INR,0,,12:10,12,14:30,14,False,140,140,0,Boeing 737,135.0,98.0
2026-10-10,2026-10-10 15:40,2026-10-24,14,DEL,CCU,DEL-CCU,SG,SpiceJet,1,14649,INR,0,,20:30,20,23:00,23,False,150,150,0,Airbus A321,122.0,98.0
2026-10-10,2026-10-10 15:40,2026-10-24,14,DEL,CCU,DEL-CCU,AI,Air India,1,15393,INR,0,,06:40,6,08:50,8,False,130,130,0,Airbus A320neo,114.0,98.0
2026-10-10,2026-10-10 15:40,2026-10-24,14,DEL,CCU,DEL-CCU,QP,Akasa Air,1,15701,INR,0,,17:00,17,19:15,19,False,135,135,0,Boeing 737MAX 8 Passenger,96.0,98.0
2026-10-10,2026-10-10 15:40,2026-10-24,14,DEL,CCU,DEL-CCU,SG,SpiceJet,1,16861,INR,0,,20:10,20,22:30,22,False,140,140,0,Airbus A320,119.0,98.0
2026-10-10,2026-10-10 15:40,2026-10-24,14,DEL,CCU,DEL-CCU,AI,Air India,1,18595,INR,0,,09:55,9,12:15,12,False,140,140,0,Airbus A320neo,114.0,98.0
2026-10-10,2026-10-10 15:40,2026-10-24,14,DEL,CCU,DEL-CCU,AI,Air India,1,23772,INR,0,,13:00,13,15:20,15,False,140,140,0,Airbus A320neo,114.0,98.0
2026-10-10,2026-10-10 15:40,2026-10-24,14,DEL,CCU,DEL-CCU,AI,Air India,1,23772,INR,0,,16:15,16,18:35,18,False,140,140,0,Airbus A320neo,114.0,98.0
2026-10-10,2026-10-10 15:40,2026-10-24,14,DEL,CCU,DEL-CCU,AI,Air India,1,23772,INR,0,,18:00,18,20:20,20,False,140,140,0,Airbus A320neo,114.0,98.0
2026-10-10,2026-10-10 15:40,2026-10-24,14,DEL,CCU,DEL-CCU,AI,Air India,1,23772,INR,0,,19:40,19,21:50,21,False,130,130,0,Airbus A320neo,114.0,98.0
2026-10-10,2026-10-10 15:40,2026-10-31,21,DEL,CCU,DEL-CCU,AI,Air India,1,11692,INR,0,,06:55,6,09:10,9,False,135,135,0,Airbus A320neo,114.0,98.0
2026-10-10,2026-10-10 15:40,2026-10-31,21,DEL,CCU,DEL-CCU,AI,Air India,1,11896,INR,0,,21:40,21,23:50,23,False,130,130,0,Airbus A320neo,114.0,98.0
2026-10-10,2026-10-10 15:40,2026-10-31,21,DEL,CCU,DEL-CCU,AI,Air India,1,11996,INR,0,,09:30,9,11:45,11,False,135,135,0,Airbus A320neo,114.0,98.0
2026-10-10,2026-10-10 15:40,2026-10-31,21,DEL,CCU,DEL-CCU,AI,Air India,1,12610,INR,0,,19:40,19,21:45,21,False,125,125,0,Airbus A320neo,114.0,98.0
2026-10-10,2026-10-10 15:40,2026-10-31,21,DEL,CCU,DEL-CCU,AI,Air India,1,13135,INR,0,,18:10,18,20:15,20,False,125,125,0,Airbus A320neo,114.0,98.0
2026-10-10,2026-10-10 15:40,2026-10-31,21,DEL,CCU,DEL-CCU,SG,SpiceJet,1,13405,INR,0,,07:00,7,09:25,9,False,145,145,0,Boeing 737,113.0,98.0
2026-10-10,2026-10-10 15:40,2026-10-31,21,DEL,CCU,DEL-CCU,AI,Air India,1,23772,INR,0,,13:00,13,15:10,15,False,130,130,0,Airbus A321,145.0,98.0
2026-10-10,2026-10-10 15:40,2026-11-09,30,DEL,CCU,DEL-CCU,6E,IndiGo,1,11102,INR,1,LKO,09:40,9,14:05,14,False,265,160,105,Airbus A321neo | Airbus A321neo,113.0,98.0
2026-10-10,2026-10-10 15:40,2026-11-09,30,DEL,CCU,DEL-CCU,AI,Air India,1,11744,INR,0,,16:15,16,18:25,18,False,130,130,0,Airbus A320neo,112.0,98.0
2026-10-10,2026-10-10 15:40,2026-11-09,30,DEL,CCU,DEL-CCU,AI,Air India,1,11744,INR,0,,18:10,18,20:15,20,False,125,125,0,Airbus A320neo,112.0,98.0
2026-10-10,2026-10-10 15:40,2026-11-09,30,DEL,CCU,DEL-CCU,AI,Air India,1,11744,INR,0,,21:40,21,23:50,23,False,130,130,0,Airbus A320neo,112.0,98.0
2026-10-10,2026-10-10 15:40,2026-11-09,30,DEL,CCU,DEL-CCU,AI,Air India,1,12054,INR,0,,13:00,13,15:10,15,False,130,130,0,Airbus A320neo,112.0,98.0
2026-10-10,2026-10-10 15:40,2026-11-09,30,DEL,CCU,DEL-CCU,AI,Air India,1,12054,INR,0,,19:40,19,21:45,21,False,125,125,0,Airbus A320neo,112.0,98.0
2026-10-10,2026-10-10 15:40,2026-11-09,30,DEL,CCU,DEL-CCU,AI,Air India,1,12857,INR,0,,09:30,9,11:45,11,False,135,135,0,Airbus A320neo,112.0,98.0
2026-10-10,2026-10-10 15:40,2026-11-09,30,DEL,CCU,DEL-CCU,AI,Air India,1,13471,INR,0,,06:55,6,09:10,9,False,135,135,0,Airbus A320neo,112.0,98.0
2026-10-10,2026-10-10 15:40,2026-11-09,30,DEL,CCU,DEL-CCU,SG,SpiceJet,1,14145,INR,0,,07:00,7,09:25,9,False,145,145,0,Boeing 737,111.0,98.0
2026-10-10,2026-10-10 15:40,2026-11-24,45,DEL,CCU,DEL-CCU,6E,IndiGo,1,10277,INR,1,PAT,14:35,14,20:40,20,False,365,160,205,Airbus A320neo | Airbus A320neo,122.0,98.0
2026-10-10,2026-10-10 15:40,2026-11-24,45,DEL,CCU,DEL-CCU,AI,Air India,1,10395,INR,0,,18:10,18,20:15,20,False,125,125,0,Airbus A320neo,112.0,98.0
2026-10-10,2026-10-10 15:40,2026-11-24,45,DEL,CCU,DEL-CCU,AI,Air India,1,10395,INR,0,,21:40,21,23:50,23,False,130,130,0,Airbus A320neo,112.0,98.0
2026-10-10,2026-10-10 15:40,2026-11-24,45,DEL,CCU,DEL-CCU,AI,Air India,1,10663,INR,0,,19:40,19,21:45,21,False,125,125,0,Airbus A320neo,112.0,98.0
2026-10-10,2026-10-10 15:40,2026-11-24,45,DEL,CCU,DEL-CCU,SG,SpiceJet,1,11496,INR,0,,07:00,7,09:25,9,False,145,145,0,Boeing 737,111.0,98.0
2026-10-10,2026-10-10 15:40,2026-11-24,45,DEL,CCU,DEL-CCU,AI,Air India,1,11744,INR,0,,06:55,6,09:10,9,False,135,135,0,Airbus A320neo,112.0,98.0
2026-10-10,2026-10-10 15:40,2026-11-24,45,DEL,CCU,DEL-CCU,AI,Air India,1,12054,INR,0,,13:00,13,15:10,15,False,130,130,0,Airbus A320neo,112.0,98.0
2026-10-10,2026-10-10 15:40,2026-11-24,45,DEL,CCU,DEL-CCU,AI,Air India,1,12857,INR,0,,09:30,9,11:45,11,False,135,135,0,Airbus A320neo,112.0,98.0
2026-10-10,2026-10-10 15:40,2026-11-24,45,DEL,CCU,DEL-CCU,AI,Air India,1,13471,INR,0,,16:15,16,18:25,18,False,130,130,0,Airbus A320neo,112.0,98.0
2026-10-10,2026-10-10 15:40,2026-12-09,60,DEL,CCU,DEL-CCU,6E,IndiGo,1,9910,INR,1,PAT,13:25,13,17:10,17,False,225,160,65,Airbus A320 | Airbus A320neo,131.0,98.0
2026-10-10,2026-10-10 15:40,2026-12-09,60,DEL,CCU,DEL-CCU,AI,Air India,1,10395,INR,0,,21:40,21,23:50,23,False,130,130,0,Airbus A320neo,108.0,98.0
2026-10-10,2026-10-10 15:40,2026-12-09,60,DEL,CCU,DEL-CCU,AI,Air India,1,11298,INR,0,,13:00,13,15:10,15,False,130,130,0,Airbus A320neo,108.0,98.0
2026-10-10,2026-10-10 15:40,2026-12-09,60,DEL,CCU,DEL-CCU,AI,Air India,1,11298,INR,0,,19:40,19,21:45,21,False,125,125,0,Airbus A320neo,108.0,98.0
2026-10-10,2026-10-10 15:40,2026-12-09,60,DEL,CCU,DEL-CCU,SG,SpiceJet,1,11496,INR,0,,07:00,7,09:25,9,False,145,145,0,Boeing 737,109.0,98.0
2026-10-10,2026-10-10 15:40,2026-12-09,60,DEL,CCU,DEL-CCU,AI,Air India,1,11744,INR,0,,06:55,6,09:10,9,False,135,135,0,Airbus A320neo,108.0,98.0
2026-10-10,2026-10-10 15:40,2026-12-09,60,DEL,CCU,DEL-CCU,AI,Air India,1,12054,INR,0,,09:30,9,11:45,11,False,135,135,0,Airbus A320neo,108.0,98.0
2026-10-10,2026-10-10 15:40,2026-10-11,1,PNQ,DEL,PNQ-DEL,AI,Air India,1,7705,INR,0,,00:35,0,03:00,3,False,145,145,0,Airbus A320neo,110.0,102.0
2026-10-10,2026-10-10 15:40,2026-10-11,1,PNQ,DEL,PNQ-DEL,AI,Air India,1,7705,INR,0,,22:00,22,00:25,0,True,145,145,0,Airbus A320neo,110.0,102.0
2026-10-10,2026-10-10 15:40,2026-10-11,1,PNQ,DEL,PNQ-DEL,AI,Air India,1,7999,INR,0,,04:55,4,07:15,7,False,140,140,0,Airbus A320neo,110.0,102.0
2026-10-10,2026-10-10 15:40,2026-10-11,1,PNQ,DEL,PNQ-DEL,AI,Air India,1,7999,INR,0,,05:15,5,07:40,7,False,145,145,0,Airbus A320neo,110.0,102.0
2026-10-10,2026-10-10 15:40,2026-10-11,1,PNQ,DEL,PNQ-DEL,IX,Air India Express,1,8310,INR,0,,07:40,7,10:00,10,False,140,140,0,Boeing 737MAX 8 Passenger,111.0,102.0
2026-10-10,2026-10-10 15:40,2026-10-11,1,PNQ,DEL,PNQ-DEL,AI,Air India,1,8535,INR,0,,07:40,7,10:05,10,False,145,145,0,Airbus A321,140.0,102.0
2026-10-10,2026-10-10 15:40,2026-10-11,1,PNQ,DEL,PNQ-DEL,AI,Air India,1,8535,INR,0,,08:45,8,11:10,11,False,145,145,0,Airbus A320neo,110.0,102.0
2026-10-10,2026-10-10 15:40,2026-10-11,1,PNQ,DEL,PNQ-DEL,AI,Air India,1,10561,INR,0,,18:45,18,21:10,21,False,145,145,0,Airbus A320neo,110.0,102.0
2026-10-10,2026-10-10 15:40,2026-10-11,1,PNQ,DEL,PNQ-DEL,QP,Akasa Air,1,10840,INR,0,,21:05,21,23:30,23,False,145,145,0,Boeing 737MAX 8 Passenger,93.0,102.0
2026-10-10,2026-10-10 15:40,2026-10-11,1,PNQ,DEL,PNQ-DEL,AI,Air India,1,21313,INR,0,,15:50,15,18:15,18,False,145,145,0,Airbus A320neo,110.0,102.0
2026-10-10,2026-10-10 15:40,2026-10-13,3,PNQ,DEL,PNQ-DEL,AI,Air India,1,7878,INR,0,,18:45,18,21:10,21,False,145,145,0,Airbus A320neo,110.0,102.0
2026-10-10,2026-10-10 15:40,2026-10-13,3,PNQ,DEL,PNQ-DEL,AI,Air India,1,7999,INR,0,,04:55,4,07:15,7,False,140,140,0,Airbus A320neo,110.0,102.0
2026-10-10,2026-10-10 15:40,2026-10-13,3,PNQ,DEL,PNQ-DEL,AI,Air India,1,7999,INR,0,,05:15,5,07:40,7,False,145,145,0,Airbus A320neo,110.0,102.0
2026-10-10,2026-10-10 15:40,2026-10-13,3,PNQ,DEL,PNQ-DEL,AI,Air India,1,7999,INR,0,,08:45,8,11:10,11,False,145,145,0,Airbus A320neo,110.0,102.0
2026-10-10,2026-10-10 15:40,2026-10-13,3,PNQ,DEL,PNQ-DEL,IX,Air India Express,1,8310,INR,0,,07:40,7,10:00,10,False,140,140,0,Boeing 737MAX 8 Passenger,111.0,102.0
2026-10-10,2026-10-10 15:40,2026-10-13,3,PNQ,DEL,PNQ-DEL,IX,Air India Express,1,8310,INR,0,,18:50,18,21:15,21,False,145,145,0,Boeing 737MAX 8 Passenger,111.0,102.0
2026-10-10,2026-10-10 15:40,2026-10-13,3,PNQ,DEL,PNQ-DEL,QP,Akasa Air,1,8490,INR,0,,07:50,7,10:10,10,False,140,140,0,Boeing 737MAX 8 Passenger,93.0,102.0
2026-10-10,2026-10-10 15:40,2026-10-13,3,PNQ,DEL,PNQ-DEL,AI,Air India,1,9590,INR,0,,15:50,15,18:15,18,False,145,145,0,Airbus A320neo,110.0,102.0
2026-10-10,2026-10-10 15:40,2026-10-13,3,PNQ,DEL,PNQ-DEL,AI,Air India,1,10309,INR,0,,07:40,7,10:05,10,False,145,145,0,Airbus A320neo,110.0,102.0
2026-10-10,2026-10-10 15:40,2026-10-17,7,PNQ,DEL,PNQ-DEL,6E,IndiGo,1,8800,INR,1,JAI,23:30,23,10:10,10,True,640,170,470,Airbus A321neo | Airbus A321neo,110.0,102.0
2026-10-10,2026-10-10 15:40,2026-10-17,7,PNQ,DEL,PNQ-DEL,6E,IndiGo,1,9037,INR,1,AMD,04:40,4,09:15,9,False,275,195,80,Airbus A320neo | Airbus A321neo,120.0,102.0
2026-10-10,2026-10-10 15:40,2026-10-17,7,PNQ,DEL,PNQ-DEL,6E,IndiGo,1,9037,INR,1,AMD,08:55,8,14:10,14,False,315,185,130,Airbus A320neo | Airbus A321neo,120.0,102.0
2026-10-10,2026-10-10 15:40,2026-10-17,7,PNQ,DEL,PNQ-DEL,AI,Air India,1,9590,INR,0,,20:30,20,22:55,22,False,145,145,0,Airbus A320neo,110.0,102.0
2026-10-10,2026-10-10 15:40,2026-10-17,7,PNQ,DEL,PNQ-DEL,IX,Air India Express,1,10253,INR,1,IDR,08:10,8,12:20,12,False,250,210,40,Boeing 737MAX 8 Passenger | Boeing 737MAX 8 Passenger,135.0,102.0
2026-10-10,2026-10-10 15:40,2026-10-17,7,PNQ,DEL,PNQ-DEL,AI,Air India,1,10309,INR,0,,04:55,4,07:15,7,False,140,140,0,Airbus A320neo,110.0,102.0
2026-10-10,2026-10-10 15:40,2026-10-17,7,PNQ,DEL,PNQ-DEL,AI,Air India,1,10309,INR,0,,05:15,5,07:40,7,False,145,145,0,Airbus A320neo,110.0,102.0
2026-10-10,2026-10-10 15:40,2026-10-17,7,PNQ,DEL,PNQ-DEL,IX,Air India Express,1,12250,INR,0,,08:00,8,10:20,10,False,140,140,0,Boeing 737MAX 8 Passenger,111.0,102.0
2026-10-10,2026-10-10 15:40,2026-10-17,7,PNQ,DEL,PNQ-DEL,IX,Air India Express,1,12250,INR,0,,18:50,18,21:15,21,False,145,145,0,Boeing 737MAX 8 Passenger,111.0,102.0
2026-10-10,2026-10-10 15:40,2026-10-17,7,PNQ,DEL,PNQ-DEL,QP,Akasa Air,1,12528,INR,0,,07:50,7,10:10,10,False,140,140,0,Boeing 737MAX 8 Passenger,93.0,102.0
2026-10-10,2026-10-10 15:40,2026-10-17,7,PNQ,DEL,PNQ-DEL,AI,Air India,1,13065,INR,0,,07:40,7,10:05,10,False,145,145,0,Airbus A321,140.0,102.0
2026-10-10,2026-10-10 15:40,2026-10-17,7,PNQ,DEL,PNQ-DEL,AI,Air India,1,13512,INR,0,,18:45,18,21:10,21,False,145,145,0,Airbus A320neo,110.0,102.0
2026-10-10,2026-10-10 15:40,2026-10-17,7,PNQ,DEL,PNQ-DEL,AI,Air India,1,15465,INR,0,,08:45,8,11:10,11,False,145,145,0,Airbus A320neo,110.0,102.0
2026-10-10,2026-10-10 15:40,2026-10-24,14,PNQ,DEL,PNQ-DEL,AI,Air India,1,8461,INR,0,,20:30,20,22:55,22,False,145,145,0,Airbus A320neo,110.0,102.0
2026-10-10,2026-10-10 15:40,2026-10-24,14,PNQ,DEL,PNQ-DEL,AI,Air India,1,8535,INR,0,,04:55,4,07:15,7,False,140,140,0,Airbus A320neo,110.0,102.0
2026-10-10,2026-10-10 15:40,2026-10-24,14,PNQ,DEL,PNQ-DEL,AI,Air India,1,8535,INR,0,,05:15,5,07:40,7,False,145,145,0,Airbus A320neo,110.0,102.0
2026-10-10,2026-10-10 15:40,2026-10-24,14,PNQ,DEL,PNQ-DEL,IX,Air India Express,1,8727,INR,0,,08:00,8,10:20,10,False,140,140,0,Boeing 737MAX 8 Passenger,111.0,102.0
2026-10-10,2026-10-10 15:40,2026-10-24,14,PNQ,DEL,PNQ-DEL,QP,Akasa Air,1,8876,INR,0,,21:05,21,23:25,23,False,140,140,0,Boeing 737MAX 8 Passenger,96.0,102.0
2026-10-10,2026-10-10 15:40,2026-10-24,14,PNQ,DEL,PNQ-DEL,AI,Air India,1,9443,INR,0,,07:40,7,10:05,10,False,145,145,0,Airbus A321,140.0,102.0
2026-10-10,2026-10-10 15:40,2026-10-24,14,PNQ,DEL,PNQ-DEL,AI,Air India,1,9742,INR,0,,18:45,18,21:10,21,False,145,145,0,Airbus A320neo,110.0,102.0
2026-10-10,2026-10-10 15:40,2026-10-24,14,PNQ,DEL,PNQ-DEL,QP,Akasa Air,1,10341,INR,0,,07:50,7,10:10,10,False,140,140,0,Boeing 737MAX 8 Passenger,93.0,102.0
2026-10-10,2026-10-10 15:40,2026-10-24,14,PNQ,DEL,PNQ-DEL,AI,Air India,1,10561,INR,0,,08:45,8,11:10,11,False,145,145,0,Airbus A320neo,110.0,102.0
2026-10-10,2026-10-10 15:40,2026-10-31,21,PNQ,DEL,PNQ-DEL,6E,IndiGo,1,9037,INR,1,AMD,01:10,1,06:45,6,False,335,180,155,Airbus A321neo | Airbus A321neo,115.0,102.0
2026-10-10,2026-10-10 15:40,2026-10-31,21,PNQ,DEL,PNQ-DEL,6E,IndiGo,1,9037,INR,1,IDR,05:10,5,15:40,15,False,630,165,465,Airbus A320neo | Airbus A320neo,116.0,102.0
2026-10-10,2026-10-10 15:40,2026-10-31,21,PNQ,DEL,PNQ-DEL,6E,IndiGo,1,9037,INR,1,AMD,22:45,22,06:45,6,True,480,175,305,Airbus A320 | Airbus A321neo,127.0,102.0
2026-10-10,2026-10-10 15:40,2026-10-31,21,PNQ,DEL,PNQ-DEL,IX,Air India Express,1,11053,INR,1,IDR,08:10,8,12:00,12,False,230,185,45,Airbus A320neo | Airbus A320neo,129.0,102.0
2026-10-10,2026-10-10 15:40,2026-10-31,21,PNQ,DEL,PNQ-DEL,AI,Air India,1,11175,INR,0,,00:35,0,02:50,2,False,135,135,0,Airbus A320neo,110.0,102.0
2026-10-10,2026-10-10 15:40,2026-10-31,21,PNQ,DEL,PNQ-DEL,AI,Air India,1,11454,INR,0,,20:40,20,22:55,22,False,135,135,0,Airbus A320neo,110.0,102.0
2026-10-10,2026-10-10 15:40,2026-10-31,21,PNQ,DEL,PNQ-DEL,IX,Air India Express,1,12250,INR,0,,18:05,18,20:15,20,False,130,130,0,Airbus A320neo,108.0,102.0
2026-10-10,2026-10-10 15:40,2026-10-31,21,PNQ,DEL,PNQ-DEL,AI,Air India,1,13512,INR,0,,19:05,19,21:15,21,False,130,130,0,Airbus A320neo,110.0,102.0
2026-10-10,2026-10-10 15:40,2026-10-31,21,PNQ,DEL,PNQ-DEL,SG,SpiceJet,1,15483,INR,0,,22:50,22,01:10,1,True,140,140,0,Boeing 737,131.0,102.0
2026-10-10,2026-10-10 15:40,2026-10-31,21,PNQ,DEL,PNQ-DEL,AI,Air India,1,17565,INR,0,,05:10,5,07:30,7,False,140,140,0,Airbus A320neo,110.0,102.0
2026-10-10,2026-10-10 15:40,2026-10-31,21,PNQ,DEL,PNQ-DEL,AI,Air India,1,17722,INR,0,,07:40,7,09:55,9,False,135,135,0,Airbus A321,140.0,102.0
2026-10-10,2026-10-10 15:40,2026-10-31,21,PNQ,DEL,PNQ-DEL,AI,Air India,1,18037,INR,0,,08:45,8,11:10,11,False,145,145,0,Airbus A320neo,110.0,102.0
2026-10-10,2026-10-10 15:40,2026-10-31,21,PNQ,DEL,PNQ-DEL,SG,SpiceJet,1,20188,INR,0,,05:55,5,08:30,8,False,155,155,0,Boeing 737,110.0,102.0
2026-10-10,2026-10-10 15:40,2026-10-31,21,PNQ,DEL,PNQ-DEL,QP,Akasa Air,1,21937,INR,0,,08:50,8,11:15,11,False,145,145,0,Boeing 737MAX 8 Passenger,96.0,102.0
2026-10-10,2026-10-10 15:40,2026-11-09,30,PNQ,DEL,PNQ-DEL,6E,IndiGo,1,9037,INR,1,BHO,00:25,0,09:25,9,False,540,170,370,Airbus A321neo | Airbus A320neo,113.0,102.0
2026-10-10,2026-10-10 15:40,2026-11-09,30,PNQ,DEL,PNQ-DEL,6E,IndiGo,1,9037,INR,1,IDR,05:10,5,11:40,11,False,390,165,225,Airbus A320neo | Airbus A320neo,113.0,102.0
2026-10-10,2026-10-10 15:40,2026-11-09,30,PNQ,DEL,PNQ-DEL,6E,IndiGo,1,9037,INR,1,IDR,14:45,14,20:15,20,False,330,165,165,Airbus A321neo | Airbus A320neo,109.0,102.0
2026-10-10,2026-10-10 15:40,2026-11-09,30,PNQ,DEL,PNQ-DEL,AI,Air India,1,9863,INR,0,,00:35,0,02:50,2,False,135,135,0,Airbus A320neo,108.0,102.0
2026-10-10,2026-10-10 15:40,2026-11-09,30,PNQ,DEL,PNQ-DEL,AI,Air India,1,10099,INR,0,,19:05,19,21:15,21,False,130,130,0,Airbus A320neo,108.0,102.0
2026-10-10,2026-10-10 15:40,2026-11-09,30,PNQ,DEL,PNQ-DEL,AI,Air India,1,10099,INR,0,,20:40,20,22:55,22,False,135,135,0,Airbus A320neo,108.0,102.0
2026-10-10,2026-10-10 15:40,2026-11-09,30,PNQ,DEL,PNQ-DEL,AI,Air India,1,10782,INR,0,,15:50,15,18:10,18,False,140,140,0,Airbus A320neo,108.0,102.0
2026-10-10,2026-10-10 15:40,2026-11-09,30,PNQ,DEL,PNQ-DEL,IX,Air India Express,1,11356,INR,0,,18:05,18,20:15,20,False,130,130,0,Airbus A320neo,104.0,102.0
2026-10-10,2026-10-10 15:40,2026-11-09,30,PNQ,DEL,PNQ-DEL,SG,SpiceJet,1,11403,INR,0,,17:50,17,20:05,20,False,135,135,0,Boeing 737,107.0,102.0
2026-10-10,2026-10-10 15:40,2026-11-09,30,PNQ,DEL,PNQ-DEL,SG,SpiceJet,1,11403,INR,0,,22:50,22,01:10,1,True,140,140,0,Boeing 737,128.0,102.0
2026-10-10,2026-10-10 15:40,2026-11-09,30,PNQ,DEL,PNQ-DEL,QP,Akasa Air,1,13833,INR,0,,08:50,8,11:15,11,False,145,145,0,Boeing 737MAX 8 Passenger,93.0,102.0
2026-10-10,2026-10-10 15:40,2026-11-09,30,PNQ,DEL,PNQ-DEL,AI,Air India,1,14037,INR,0,,07:40,7,09:55,9,False,135,135,0,Airbus A321,137.0,102.0
2026-10-10,2026-10-10 15:40,2026-11-09,30,PNQ,DEL,PNQ-DEL,AI,Air India,1,15066,INR,0,,08:45,8,11:10,11,False,145,145,0,Airbus A320neo,108.0,102.0
2026-10-10,2026-10-10 15:40,2026-11-09,30,PNQ,DEL,PNQ-DEL,AI,Air India,1,17565,INR,0,,05:10,5,07:30,7,False,140,140,0,Airbus A320neo,108.0,102.0
2026-10-10,2026-10-10 15:40,2026-11-09,30,PNQ,DEL,PNQ-DEL,SG,SpiceJet,1,20188,INR,0,,05:55,5,08:30,8,False,155,155,0,Boeing 737,107.0,102.0
2026-10-10,2026-10-10 15:40,2026-11-09,30,PNQ,DEL,PNQ-DEL,IX,Air India Express,1,21117,INR,0,,13:45,13,16:10,16,False,145,145,0,Airbus A321,119.0,102.0
2026-10-10,2026-10-10 15:40,2026-11-24,45,PNQ,DEL,PNQ-DEL,6E,IndiGo,1,8800,INR,1,JAI,02:00,2,09:35,9,False,455,170,285,Airbus A320neo | Airbus A321neo,112.0,102.0
2026-10-10,2026-10-10 15:40,2026-11-24,45,PNQ,DEL,PNQ-DEL,SG,SpiceJet,1,8805,INR,0,,05:55,5,08:30,8,False,155,155,0,Boeing 737,107.0,102.0
2026-10-10,2026-10-10 15:40,2026-11-24,45,PNQ,DEL,PNQ-DEL,SG,SpiceJet,1,9203,INR,0,,17:50,17,20:05,20,False,135,135,0,Boeing 737,107.0,102.0
2026-10-10,2026-10-10 15:40,2026-11-24,45,PNQ,DEL,PNQ-DEL,SG,SpiceJet,1,9203,INR,0,,22:50,22,01:10,1,True,140,140,0,Boeing 737,128.0,102.0
2026-10-10,2026-10-10 15:40,2026-11-24,45,PNQ,DEL,PNQ-DEL,AI,Air India,1,9254,INR,0,,00:35,0,02:50,2,False,135,135,0,Airbus A320neo,108.0,102.0
2026-10-10,2026-10-10 15:40,2026-11-24,45,PNQ,DEL,PNQ-DEL,AI,Air India,1,9863,INR,0,,05:10,5,07:30,7,False,140,140,0,Airbus A320neo,108.0,102.0
2026-10-10,2026-10-10 15:40,2026-11-24,45,PNQ,DEL,PNQ-DEL,AI,Air India,1,9863,INR,0,,22:00,22,00:15,0,True,135,135,0,Airbus A320neo,108.0,102.0
2026-10-10,2026-10-10 15:40,2026-11-24,45,PNQ,DEL,PNQ-DEL,IX,Air India Express,1,9899,INR,0,,13:45,13,16:10,16,False,145,145,0,Airbus A321,119.0,102.0
2026-10-10,2026-10-10 15:40,2026-11-24,45,PNQ,DEL,PNQ-DEL,IX,Air India Express,1,9899,INR,0,,18:05,18,20:15,20,False,130,130,0,Airbus A320neo,104.0,102.0
2026-10-10,2026-10-10 15:40,2026-11-24,45,PNQ,DEL,PNQ-DEL,QP,Akasa Air,1,10025,INR,0,,21:00,21,23:25,23,False,145,145,0,Boeing 737MAX 8 Passenger,93.0,102.0
2026-10-10,2026-10-10 15:40,2026-11-24,45,PNQ,DEL,PNQ-DEL,AI,Air India,1,10099,INR,0,,19:05,19,21:15,21,False,130,130,0,Airbus A320neo,108.0,102.0
2026-10-10,2026-10-10 15:40,2026-11-24,45,PNQ,DEL,PNQ-DEL,AI,Air India,1,10099,INR,0,,20:40,20,22:55,22,False,135,135,0,Airbus A320neo,108.0,102.0
2026-10-10,2026-10-10 15:40,2026-11-24,45,PNQ,DEL,PNQ-DEL,AI,Air India,1,10519,INR,0,,08:45,8,11:10,11,False,145,145,0,Airbus A320neo,108.0,102.0
2026-10-10,2026-10-10 15:40,2026-11-24,45,PNQ,DEL,PNQ-DEL,AI,Air India,1,10782,INR,0,,15:50,15,18:10,18,False,140,140,0,Airbus A320neo,108.0,102.0
2026-10-10,2026-10-10 15:40,2026-12-09,60,PNQ,DEL,PNQ-DEL,IX,Air India Express,1,8452,INR,1,IDR,08:10,8,12:00,12,False,230,185,45,Airbus A320neo | Airbus A320neo,121.0,102.0
2026-10-10,2026-10-10 15:40,2026-12-09,60,PNQ,DEL,PNQ-DEL,AI,Air India,1,8687,INR,0,,00:35,0,02:50,2,False,135,135,0,Airbus A320neo,105.0,102.0
2026-10-10,2026-10-10 15:40,2026-12-09,60,PNQ,DEL,PNQ-DEL,AI,Air India,1,8687,INR,0,,05:10,5,07:30,7,False,140,140,0,Airbus A320neo,105.0,102.0
2026-10-10,2026-10-10 15:40,2026-12-09,60,PNQ,DEL,PNQ-DEL,AI,Air India,1,8687,INR,0,,07:40,7,09:55,9,False,135,135,0,Airbus A321,133.0,102.0
2026-10-10,2026-10-10 15:40,2026-12-09,60,PNQ,DEL,PNQ-DEL,IX,Air India Express,1,8727,INR,0,,01:20,1,03:45,3,False,145,145,0,Airbus A320neo,102.0,102.0
2026-10-10,2026-10-10 15:40,2026-12-09,60,PNQ,DEL,PNQ-DEL,6E,IndiGo,1,8800,INR,1,JAI,02:00,2,09:35,9,False,455,170,285,Airbus A320neo | Airbus A321neo,110.0,102.0
2026-10-10,2026-10-10 15:40,2026-12-09,60,PNQ,DEL,PNQ-DEL,SG,SpiceJet,1,8805,INR,0,,05:55,5,08:30,8,False,155,155,0,Boeing 737,106.0,102.0
2026-10-10,2026-10-10 15:40,2026-12-09,60,PNQ,DEL,PNQ-DEL,SG,SpiceJet,1,8805,INR,0,,17:50,17,20:05,20,False,135,135,0,Boeing 737,106.0,102.0
2026-10-10,2026-10-10 15:40,2026-12-09,60,PNQ,DEL,PNQ-DEL,SG,SpiceJet,1,8805,INR,0,,22:50,22,01:10,1,True,140,140,0,Boeing 737,127.0,102.0
2026-10-10,2026-10-10 15:40,2026-12-09,60,PNQ,DEL,PNQ-DEL,SG,SpiceJet,1,8805,INR,0,,23:55,23,02:15,2,True,140,140,0,Boeing 737,127.0,102.0
2026-10-10,2026-10-10 15:40,2026-12-09,60,PNQ,DEL,PNQ-DEL,AI,Air India,1,8897,INR,0,,19:05,19,21:15,21,False,130,130,0,Airbus A320neo,105.0,102.0
2026-10-10,2026-10-10 15:40,2026-12-09,60,PNQ,DEL,PNQ-DEL,AI,Air India,1,8897,INR,0,,20:40,20,22:55,22,False,135,135,0,Airbus A320neo,105.0,102.0
2026-10-10,2026-10-10 15:40,2026-12-09,60,PNQ,DEL,PNQ-DEL,QP,Akasa Air,1,9009,INR,0,,08:50,8,11:15,11,False,145,145,0,Boeing 737MAX 8 Passenger,91.0,102.0
2026-10-10,2026-10-10 15:40,2026-12-09,60,PNQ,DEL,PNQ-DEL,AI,Air India,1,9254,INR,0,,08:45,8,11:10,11,False,145,145,0,Airbus A320neo,105.0,102.0
2026-10-10,2026-10-10 15:40,2026-12-09,60,PNQ,DEL,PNQ-DEL,IX,Air India Express,1,9289,INR,0,,13:45,13,16:10,16,False,145,145,0,Airbus A321,115.0,102.0
2026-10-10,2026-10-10 15:40,2026-12-09,60,PNQ,DEL,PNQ-DEL,AI,Air India,1,9474,INR,0,,15:50,15,18:10,18,False,140,140,0,Airbus A320neo,105.0,102.0
2026-10-10,2026-10-10 15:40,2026-10-13,3,HYD,DEL,HYD-DEL,AI,Air India,1,9694,INR,0,,19:25,19,22:00,22,False,155,155,0,Airbus A350,110.0,108.0
2026-10-10,2026-10-10 15:40,2026-10-13,3,HYD,DEL,HYD-DEL,AI,Air India,1,9846,INR,0,,17:30,17,20:00,20,False,150,150,0,Airbus A320neo,112.0,108.0
2026-10-10,2026-10-10 15:40,2026-10-13,3,HYD,DEL,HYD-DEL,AI,Air India,1,10812,INR,0,,21:30,21,23:55,23,False,145,145,0,Airbus A320neo,112.0,108.0
2026-10-10,2026-10-10 15:40,2026-10-13,3,HYD,DEL,HYD-DEL,AI,Air India,1,10812,INR,0,,23:30,23,02:00,2,True,150,150,0,Airbus A320neo,112.0,108.0
2026-10-10,2026-10-10 15:40,2026-10-13,3,HYD,DEL,HYD-DEL,AI,Air India,1,11605,INR,0,,18:25,18,21:00,21,False,155,155,0,Airbus A320neo,112.0,108.0
2026-10-10,2026-10-10 15:40,2026-10-13,3,HYD,DEL,HYD-DEL,6E,IndiGo,1,12195,INR,1,AMD,10:35,10,15:40,15,False,305,220,85,Airbus A321neo | Airbus A320neo,142.0,108.0
2026-10-10,2026-10-10 15:40,2026-10-13,3,HYD,DEL,HYD-DEL,QP,Akasa Air,1,12373,INR,0,,06:00,6,08:15,8,False,135,135,0,Boeing 737MAX 8 Passenger,99.0,108.0
2026-10-10,2026-10-10 15:40,2026-10-13,3,HYD,DEL,HYD-DEL,AI,Air India,1,12859,INR,0,,05:30,5,07:55,7,False,145,145,0,Airbus A320neo,112.0,108.0
2026-10-10,2026-10-10 15:40,2026-10-13,3,HYD,DEL,HYD-DEL,AI,Air India,1,15164,INR,0,,07:15,7,09:35,9,False,140,140,0,Airbus A320neo,112.0,108.0
2026-10-10,2026-10-10 15:40,2026-10-13,3,HYD,DEL,HYD-DEL,AI,Air India,1,17537,INR,0,,08:35,8,10:55,10,False,140,140,0,Airbus A320neo,112.0,108.0
2026-10-10,2026-10-10 15:40,2026-10-17,7,HYD,DEL,HYD-DEL,6E,IndiGo,1,9994,INR,1,JAI,19:30,19,23:25,23,False,235,175,60,Airbus A320neo | Airbus A321neo,122.0,108.0
2026-10-10,2026-10-10 15:40,2026-10-17,7,HYD,DEL,HYD-DEL,AI,Air India,1,11605,INR,0,,12:45,12,15:05,15,False,140,140,0,Airbus A320neo,112.0,108.0
2026-10-10,2026-10-10 15:40,2026-10-17,7,HYD,DEL,HYD-DEL,AI,Air India,1,11605,INR,0,,13:30,13,16:05,16,False,155,155,0,Airbus A320neo,112.0,108.0
2026-10-10,2026-10-10 15:40,2026-10-17,7,HYD,DEL,HYD-DEL,AI,Air India,1,11605,INR,0,,18:25,18,21:00,21,False,155,155,0,Airbus A320neo,112.0,108.0
2026-10-10,2026-10-10 15:40,2026-10-17,7,HYD,DEL,HYD-DEL,AI,Air India,1,11605,INR,0,,19:25,19,22:00,22,False,155,155,0,Airbus A350,110.0,108.0
2026-10-10,2026-10-10 15:40,2026-10-17,7,HYD,DEL,HYD-DEL,AI,Air India,1,11794,INR,0,,17:30,17,20:00,20,False,150,150,0,Airbus A320neo,112.0,108.0
2026-10-10,2026-10-10 15:40,2026-10-17,7,HYD,DEL,HYD-DEL,AI,Air India,1,11893,INR,0,,05:30,5,07:55,7,False,145,145,0,Airbus A320neo,112.0,108.0
2026-10-10,2026-10-10 15:40,2026-10-17,7,HYD,DEL,HYD-DEL,AI,Air India,1,11893,INR,0,,07:15,7,09:35,9,False,140,140,0,Airbus A320neo,112.0,108.0
2026-10-10,2026-10-10 15:40,2026-10-17,7,HYD,DEL,HYD-DEL,QP,Akasa Air,1,12176,INR,0,,06:00,6,08:15,8,False,135,135,0,Boeing 737MAX 8 Passenger,99.0,108.0
2026-10-10,2026-10-10 15:40,2026-10-17,7,HYD,DEL,HYD-DEL,AI,Air India,1,12859,INR,0,,21:30,21,23:55,23,False,145,145,0,Airbus A320neo,112.0,108.0
2026-10-10,2026-10-10 15:40,2026-10-17,7,HYD,DEL,HYD-DEL,AI,Air India,1,14119,INR,0,,08:35,8,10:55,10,False,140,140,0,Airbus A320neo,112.0,108.0
2026-10-10,2026-10-10 15:40,2026-10-24,14,HYD,DEL,HYD-DEL,6E,IndiGo,1,9915,INR,1,IDR,20:25,20,00:50,0,True,265,180,85,Airbus A321neo | Airbus A320neo,121.0,108.0
2026-10-10,2026-10-10 15:40,2026-10-24,14,HYD,DEL,HYD-DEL,6E,IndiGo,1,9994,INR,1,JAI,19:30,19,23:25,23,False,235,175,60,Airbus A320neo | Airbus A321neo,122.0,108.0
2026-10-10,2026-10-10 15:40,2026-10-24,14,HYD,DEL,HYD-DEL,AI,Air India,1,10812,INR,0,,19:25,19,22:00,22,False,155,155,0,Airbus A350,110.0,108.0
2026-10-10,2026-10-10 15:40,2026-10-24,14,HYD,DEL,HYD-DEL,AI,Air India,1,11605,INR,0,,12:45,12,15:05,15,False,140,140,0,Airbus A320neo,112.0,108.0
2026-10-10,2026-10-10 15:40,2026-10-24,14,HYD,DEL,HYD-DEL,AI,Air India,1,11605,INR,0,,13:30,13,16:05,16,False,155,155,0,Airbus A320neo,112.0,108.0
2026-10-10,2026-10-10 15:40,2026-10-24,14,HYD,DEL,HYD-DEL,AI,Air India,1,11893,INR,0,,07:15,7,09:35,9,False,140,140,0,Airbus A320neo,112.0,108.0
2026-10-10,2026-10-10 15:40,2026-10-24,14,HYD,DEL,HYD-DEL,AI,Air India,1,12082,INR,0,,08:35,8,10:55,10,False,140,140,0,Airbus A320neo,112.0,108.0
2026-10-10,2026-10-10 15:40,2026-10-24,14,HYD,DEL,HYD-DEL,AI,Air India,1,12208,INR,0,,21:30,21,23:55,23,False,145,145,0,Airbus A320neo,112.0,108.0
2026-10-10,2026-10-10 15:40,2026-10-24,14,HYD,DEL,HYD-DEL,QP,Akasa Air,1,12574,INR,0,,06:00,6,08:15,8,False,135,135,0,Boeing 737MAX 8 Passenger,99.0,108.0
2026-10-10,2026-10-10 15:40,2026-10-24,14,HYD,DEL,HYD-DEL,AI,Air India,1,13185,INR,0,,05:30,5,07:55,7,False,145,145,0,Airbus A320neo,112.0,108.0
2026-10-10,2026-10-10 15:40,2026-10-31,21,HYD,DEL,HYD-DEL,6E,IndiGo,1,9915,INR,1,IDR,15:55,15,20:15,20,False,260,165,95,Airbus A320neo | Airbus A320neo,125.0,108.0
2026-10-10,2026-10-10 15:40,2026-10-31,21,HYD,DEL,HYD-DEL,AI,Air India,1,10812,INR,0,,17:45,17,20:00,20,False,135,135,0,Airbus A320neo,112.0,108.0
2026-10-10,2026-10-10 15:40,2026-10-31,21,HYD,DEL,HYD-DEL,AI,Air India,1,10812,INR,0,,19:25,19,21:45,21,False,140,140,0,Airbus A350,110.0,108.0
2026-10-10,2026-10-10 15:40,2026-10-31,21,HYD,DEL,HYD-DEL,AI,Air India,1,11605,INR,0,,14:55,14,17:15,17,False,140,140,0,Airbus A320neo,112.0,108.0
2026-10-10,2026-10-10 15:40,2026-10-31,21,HYD,DEL,HYD-DEL,QP,Akasa Air,1,11794,INR,0,,06:00,6,08:15,8,False,135,135,0,Boeing 737MAX 8 Passenger,99.0,108.0
2026-10-10,2026-10-10 15:40,2026-10-31,21,HYD,DEL,HYD-DEL,AI,Air India,1,11893,INR,0,,05:30,5,07:45,7,False,135,135,0,Airbus A320neo,112.0,108.0
2026-10-10,2026-10-10 15:40,2026-10-31,21,HYD,DEL,HYD-DEL,AI,Air India,1,12082,INR,0,,08:35,8,10:55,10,False,140,140,0,Airbus A320neo,112.0,108.0
2026-10-10,2026-10-10 15:40,2026-10-31,21,HYD,DEL,HYD-DEL,AI,Air India,1,12082,INR,0,,10:15,10,12:35,12,False,140,140,0,Airbus A320neo,112.0,108.0
2026-10-10,2026-10-10 15:40,2026-10-31,21,HYD,DEL,HYD-DEL,AI,Air India,1,14781,INR,0,,12:45,12,15:05,15,False,140,140,0,Airbus A320neo,112.0,108.0
2026-10-10,2026-10-10 15:40,2026-11-09,30,HYD,DEL,HYD-DEL,AI,Air India,1,9746,INR,0,,05:30,5,07:45,7,False,135,135,0,Airbus A320neo,110.0,108.0
2026-10-10,2026-10-10 15:40,2026-11-09,30,HYD,DEL,HYD-DEL,AI,Air India,1,9746,INR,0,,12:45,12,15:05,15,False,140,140,0,Airbus A320neo,110.0,108.0
2026-10-10,2026-10-10 15:40,2026-11-09,30,HYD,DEL,HYD-DEL,AI,Air India,1,9746,INR,0,,14:55,14,17:15,17,False,140,140,0,Airbus A320neo,110.0,108.0
2026-10-10,2026-10-10 15:40,2026-11-09,30,HYD,DEL,HYD-DEL,AI,Air India,1,9746,INR,0,,19:25,19,21:45,21,False,140,140,0,Airbus A350,108.0,108.0
2026-10-10,2026-10-10 15:40,2026-11-09,30,HYD,DEL,HYD-DEL,AI,Air India,1,9746,INR,0,,21:30,21,23:45,23,False,135,135,0,Airbus A321,140.0,108.0
2026-10-10,2026-10-10 15:40,2026-11-09,30,HYD,DEL,HYD-DEL,AI,Air India,1,9746,INR,0,,22:30,22,00:45,0,True,135,135,0,Airbus A320neo,110.0,108.0
2026-10-10,2026-10-10 15:40,2026-11-09,30,HYD,DEL,HYD-DEL,AI,Air India,1,9898,INR,0,,10:15,10,12:35,12,False,140,140,0,Airbus A320neo,110.0,108.0
2026-10-10,2026-10-10 15:40,2026-11-09,30,HYD,DEL,HYD-DEL,6E,IndiGo,1,9915,INR,1,IDR,15:55,15,20:15,20,False,260,165,95,Airbus A320neo | Airbus A320neo,122.0,108.0
2026-10-10,2026-10-10 15:40,2026-11-09,30,HYD,DEL,HYD-DEL,AI,Air India,1,10135,INR,0,,08:35,8,10:55,10,False,140,140,0,Airbus A320neo,110.0,108.0
2026-10-10,2026-10-10 15:40,2026-11-24,45,HYD,DEL,HYD-DEL,AI,Air India,1,9746,INR,0,,05:30,5,07:45,7,False,135,135,0,Airbus A320neo,110.0,108.0
2026-10-10,2026-10-10 15:40,2026-11-24,45,HYD,DEL,HYD-DEL,AI,Air India,1,9746,INR,0,,19:25,19,21:45,21,False,140,140,0,Airbus A350,108.0,108.0
2026-10-10,2026-10-10 15:40,2026-11-24,45,HYD,DEL,HYD-DEL,AI,Air India,1,9746,INR,0,,21:30,21,23:45,23,False,135,135,0,Airbus A321,140.0,108.0
2026-10-10,2026-10-10 15:40,2026-11-24,45,HYD,DEL,HYD-DEL,6E,IndiGo,1,9915,INR,1,IDR,07:05,7,11:40,11,False,275,175,100,Airbus A321neo | Airbus A320neo,118.0,108.0
2026-10-10,2026-10-10 15:40,2026-11-24,45,HYD,DEL,HYD-DEL,QP,Akasa Air,1,9943,INR,0,,17:25,17,19:55,19,False,150,150,0,Boeing 737MAX 8 Passenger,96.0,108.0
2026-10-10,2026-10-10 15:40,2026-11-24,45,HYD,DEL,HYD-DEL,AI,Air India,1,10450,INR,0,,10:15,10,12:35,12,False,140,140,0,Airbus A320neo,110.0,108.0
2026-10-10,2026-10-10 15:40,2026-11-24,45,HYD,DEL,HYD-DEL,AI,Air India,1,11846,INR,0,,08:35,8,10:55,10,False,140,140,0,Airbus A320neo,110.0,108.0
2026-10-10,2026-10-10 15:40,2026-12-09,60,HYD,DEL,HYD-DEL,AI,Air India,1,9746,INR,0,,21:30,21,23:45,23,False,135,135,0,Airbus A321,136.0,108.0
2026-10-10,2026-10-10 15:40,2026-12-09,60,HYD,DEL,HYD-DEL,AI,Air India,1,9746,INR,0,,22:30,22,00:45,0,True,135,135,0,Airbus A320neo,107.0,108.0
2026-10-10,2026-10-10 15:40,2026-12-09,60,HYD,DEL,HYD-DEL,AI,Air India,1,9898,INR,0,,08:35,8,10:55,10,False,140,140,0,Airbus A320neo,107.0,108.0
2026-10-10,2026-10-10 15:40,2026-12-09,60,HYD,DEL,HYD-DEL,6E,IndiGo,1,9915,INR,1,JLR,15:40,15,20:25,20,False,285,170,115,Airbus A320neo | Airbus A320,130.0,108.0
2026-10-10,2026-10-10 15:40,2026-12-09,60,HYD,DEL,HYD-DEL,6E,IndiGo,1,10239,INR,1,BHO,15:25,15,19:45,19,False,260,165,95,Airbus A320neo | Airbus A320neo,117.0,108.0
2026-10-10,2026-10-10 15:40,2026-12-09,60,HYD,DEL,HYD-DEL,AI,Air India,1,10287,INR,0,,05:30,5,07:45,7,False,135,135,0,Airbus A320neo,107.0,108.0
2026-10-10,2026-10-10 15:40,2026-12-09,60,HYD,DEL,HYD-DEL,AI,Air India,1,10287,INR,0,,14:55,14,17:15,17,False,140,140,0,Airbus A320neo,107.0,108.0
2026-10-10,2026-10-10 15:40,2026-12-09,60,HYD,DEL,HYD-DEL,AI,Air India,1,10287,INR,0,,19:25,19,21:45,21,False,140,140,0,Airbus A350,104.0,108.0
2026-10-10,2026-10-10 15:40,2026-12-09,60,HYD,DEL,HYD-DEL,AI,Air India,1,10450,INR,0,,10:15,10,12:35,12,False,140,140,0,Airbus A320neo,107.0,108.0
